H              1.11E-004   1.09E-004        1.02        0.01 *
CH             2.21E-011   2.25E-011        1.02        0.01
C              3.07E-010   3.51E-010        1.14        0.06
H2             5.00E-001   5.00E-001        1.00        0.00
CH2            6.72E-012   7.78E-012        1.16        0.06
NH             2.67E-009   3.52E-009        1.32        0.12
N              9.64E-007   8.11E-007        1.19        0.08
CH3            2.39E-011   2.58E-011        1.08        0.03
NH2            3.95E-010   6.55E-010        1.66        0.22
CH4            3.27E-008   3.79E-008        1.16        0.06 *
OH             7.02E-008   7.67E-008        1.09        0.04 *
O              2.53E-005   2.32E-005        1.09        0.04
NH3            2.08E-008   2.93E-008        1.41        0.15 *
H2O            1.98E-007   1.82E-007        1.09        0.04 *
C2             3.15E-012   4.77E-012        1.51        0.18
C2H2           6.82E-010   7.79E-010        1.14        0.06
C2H            4.64E-011   5.99E-011        1.29        0.11
HCN            7.16E-010   9.93E-010        1.39        0.14 *
CN             5.58E-012   7.51E-012        1.35        0.13
C2H3           4.13E-014   5.30E-014        1.28        0.11
CO             7.28E-005   7.28E-005        1.00        0.00 *
H2CN           2.24E-014   0.00E+000    ********       86.35
HCO            1.16E-012   1.24E-012        1.06        0.03
NO             4.04E-006   4.99E-006        1.24        0.09
H2CO           2.97E-011   3.20E-011        1.08        0.03 *
HNO            1.09E-009   1.95E-009        1.79        0.25
O2             3.66E-005   3.72E-005        1.02        0.01
O2H            4.10E-010   4.82E-010        1.17        0.07 *
HS             1.66E-012   1.71E-012        1.03        0.01
S              1.31E-008   1.05E-008        1.25        0.10
H2O2           4.80E-269   6.06E-269        0.00     -168.22 *
H2S            1.55E-011   1.37E-011        1.13        0.05 *
OCN            6.10E-009   8.43E-009        1.38        0.14
CH2CO          1.10E-011   1.09E-011        1.00        0.00
CO2            1.49E-007   1.89E-007        1.27        0.10 *
N2O            1.26E-009   0.00E+000    ********       91.10
N2             8.18E-006   7.78E-006        1.05        0.02
NO2            2.91E-009   0.00E+000    ********       91.46
NS             1.21E-012   1.65E-012        1.37        0.14
SO             4.89E-009   6.58E-009        1.35        0.13
NCCN           7.72E-014   0.00E+000    ********       86.89
OCS            2.42E-010   1.87E-010        1.30        0.11
S2             3.83E-015   0.00E+000    ********       85.58
F              1.73E-008   1.69E-008        1.02        0.01
HF             2.67E-009   3.09E-009        1.16        0.06
HNC            1.20E-009   1.72E-009        1.43        0.16 *
C3             4.87E-012   5.20E-012        1.07        0.03
C3H            8.80E-013   1.11E-012        1.26        0.10
C3H2           2.86E-011   3.20E-011        1.12        0.05
C2N            3.47E-012   3.84E-012        1.11        0.04
C2H4           7.45E-012   8.95E-012        1.20        0.08
C3H3           3.39E-014   8.46E-014        2.49        0.40
C2O            3.79E-014   5.13E-014        1.35        0.13
SiH            1.98E-015   2.06E-015        1.04        0.02
SiC            1.59E-015   2.09E-015        1.32        0.12
C2H5           5.24E-017   9.29E-017        1.77        0.25
CH3CCH         4.89E-014   7.94E-014        1.62        0.21
SiH2           2.97E-017   0.00E+000    ********       83.47
HCSi           1.94E-015   2.44E-015        1.26        0.10
SiH3           5.51E-021   0.00E+000        0.00       79.74
SiCH2          8.30E-015   9.48E-015        1.14        0.06
PH             4.90E-012   0.00E+000    ********       88.69
CP             1.44E-014   0.00E+000    ********       86.16
CS             4.10E-011   3.78E-011        1.08        0.03
C4             1.16E-015   1.49E-015        1.29        0.11
C4H            5.72E-013   6.77E-013        1.18        0.07
H2CCC          6.59E-013   8.61E-013        1.31        0.12
H2CCCC         7.61E-012   8.89E-012        1.17        0.07
CH2CN          2.59E-012   4.95E-012        1.91        0.28
HC3N           7.03E-014   8.23E-014        1.17        0.07
C4H3           1.24E-013   0.00E+000    ********       87.09
HPO            1.31E-013   0.00E+000    ********       87.12
C5             3.63E-013   3.79E-013        1.04        0.02
C3N            1.87E-014   1.98E-014        1.06        0.03
C5H            4.39E-015   6.57E-015        1.50        0.18
C3O            1.84E-011   0.00E+000    ********       89.27
C5H2           8.87E-015   1.31E-014        1.48        0.17
C6             8.52E-017   8.22E-017        1.04        0.02
C6H            7.42E-016   1.14E-015        1.54        0.19
CH3C4H         4.47E-015   6.18E-015        1.38        0.14
C6H2           5.32E-015   7.81E-015        1.47        0.17
SO2            1.68E-009   2.64E-009        1.57        0.19
C7             3.48E-015   4.49E-015        1.29        0.11
C5N            1.01E-016   1.19E-016        1.18        0.07
C7H            1.11E-017   1.53E-017        1.38        0.14
C8             5.26E-019   6.11E-019        0.00        0.07
C7H2           3.33E-017   3.75E-017        1.13        0.05
C8H            2.50E-018   3.33E-018        1.33        0.12
CH3C6H         2.43E-017   3.76E-017        1.55        0.19
C8H2           2.57E-018   3.88E-018        1.51        0.18
C9             2.74E-018   3.76E-018        1.38        0.14
C7N            2.91E-019   0.00E+000        0.00       81.46
C9H            1.15E-020   1.13E-020        0.00        0.01
C10            2.79E-025   0.00E+000        0.00       75.45
C9N            2.80E-022   0.00E+000        0.00       78.45
CH2NH          2.34E-012   0.00E+000    ********       88.37
CH3OH          2.01E-013   2.39E-013        1.19        0.08 *
SiN            7.13E-013   1.05E-012        1.47        0.17
HNSi           4.97E-011   6.03E-011        1.21        0.08
PN             6.36E-010   0.00E+000    ********       90.80
Si             1.30E-011   1.52E-011        1.17        0.07
P              2.26E-009   3.00E-009        1.32        0.12
HCS            5.36E-015   5.33E-015        1.01        0.00
PO             9.01E-011   0.00E+000    ********       89.95
C4N            3.80E-014   4.29E-014        1.13        0.05
HC5N           2.24E-016   1.50E-016        1.49        0.17
HC7N           8.58E-019   0.00E+000        0.00       81.93
HOCH           8.68E-076   0.00E+000        0.00       24.94
H2CS           5.76E-012   4.32E-012        1.33        0.13
CH3CHO         2.39E-012   2.82E-012        1.18        0.07
SiO            2.86E-009   2.90E-009        1.02        0.01
H2SiO          9.82E-018   0.00E+000    ********       82.99
SiH4           2.00E-018   0.00E+000    ********       82.30
PH2            4.99E-014   0.00E+000    ********       86.70
HCP            1.54E-012   0.00E+000    ********       88.19
CH2PH          1.40E-016   0.00E+000    ********       84.15
CCl            1.27E-015   0.00E+000    ********       85.10
Cl             2.70E-009   3.00E-009        1.11        0.05
ClO            0.00E+000   0.00E+000        0.00        -Inf
SiNC           1.61E-017   0.00E+000    ********       83.21
SiC2           3.34E-015   4.35E-015        1.30        0.11
CCP            1.11E-015   0.00E+000    ********       85.04
HC2P           7.84E-017   0.00E+000    ********       83.89
SiC3           1.09E-015   1.31E-015        1.20        0.08
C3P            6.70E-018   0.00E+000    ********       82.83
SiC4           8.62E-021   1.10E-020        0.00        0.11
C4P            1.59E-017   0.00E+000    ********       83.20
CH3CH3         4.29E-018   0.00E+000    ********       82.63
HCOOH          7.55E-010   0.00E+000    ********       90.88
SiO2           6.15E-011   0.00E+000    ********       89.79
NH2CN          2.37E-011   4.00E-011        1.69        0.23
C2S            9.10E-013   8.13E-013        1.12        0.05
C3S            9.77E-014   7.09E-014        1.38        0.14
C9H2           5.01E-020   4.36E-020        0.00        0.06
CH2CHCN        4.50E-018   0.00E+000    ********       82.65
HC9N           7.06E-022   0.00E+000        0.00       78.85
SiC2H2         5.51E-015   5.32E-015        1.04        0.02
HeH+           6.90E-015   6.90E-015        1.00        0.00
He             1.40E-001   1.40E-001        1.00        0.00
H2+            2.84E-013   2.84E-013        1.00        0.00
CH+            8.95E-018   9.41E-018        1.05        0.02
C+             6.71E-010   6.60E-010        1.02        0.01
H+             6.19E-011   5.84E-011        1.06        0.03
CH2+           3.49E-016   3.44E-016        1.01        0.01
CH3+           1.12E-012   1.15E-012        1.02        0.01
CH4+           3.26E-016   3.80E-016        1.16        0.07
CH5+           3.09E-012   3.71E-012        1.20        0.08
H-             4.72E-013   5.54E-013        1.17        0.07
OH-            2.47E-015   0.00E+000    ********       85.39
C2+            6.18E-019   6.50E-019        0.00        0.02
CN-            8.93E-018   0.00E+000    ********       82.95
C2H2+          1.78E-015   1.89E-015        1.06        0.03
C2H3+          2.40E-013   3.17E-013        1.32        0.12
C2H4+          1.95E-014   2.52E-014        1.29        0.11
CO+            1.45E-014   1.47E-014        1.01        0.01
NH2+           1.17E-014   1.63E-014        1.39        0.14
C2H5+          1.55E-015   2.27E-015        1.47        0.17
Si+            1.38E-011   1.30E-011        1.06        0.03
SiH+           9.09E-016   1.21E-015        1.34        0.13
HCO+           4.44E-009   5.16E-009        1.16        0.07 *
CH3CH3+        9.88E-021   0.00E+000        0.00       79.99
NO+            1.68E-010   2.23E-010        1.33        0.12
SiH2+          3.07E-016   3.21E-016        1.05        0.02
H3CO+          9.63E-014   1.20E-013        1.25        0.10
SiH3+          1.00E-017   0.00E+000    ********       83.00
S+             2.63E-011   1.72E-011        1.52        0.18
HS+            1.48E-012   1.33E-012        1.11        0.05
H2S+           1.40E-014   1.32E-014        1.06        0.02
H3S+           9.37E-014   9.51E-014        1.01        0.01
C3+            7.13E-019   3.78E-019        0.00        0.28
C3H+           2.35E-017   2.43E-017        1.03        0.01
C3H2+          2.78E-015   3.48E-015        1.25        0.10
CH3CCH+        4.84E-018   1.60E-017        3.30        0.52
C3H3+          4.11E-014   5.40E-014        1.31        0.12
H2C3H+         4.31E-014   4.70E-014        1.09        0.04
SiC+           4.92E-021   6.41E-021        0.00        0.11
CH3CN          4.09E-013   7.13E-013        1.74        0.24 *
CH2CN+         8.12E-016   1.66E-015        2.04        0.31
HCSi+          5.72E-021   6.79E-021        0.00        0.08
SiN+           5.41E-015   7.11E-015        1.31        0.12
SiCH3          1.72E-015   1.85E-015        1.08        0.03
SiCH2+         6.27E-017   7.63E-017        1.22        0.08
C3H7+          1.48E-026   0.00E+000        0.00       74.17
C3H6+          1.73E-027   0.00E+000        0.00       73.24
CO2+           1.33E-017   0.00E+000    ********       83.12
HN2+           1.40E-010   1.54E-010        1.11        0.04 *
CS+            2.25E-017   2.88E-017        1.28        0.11
NO2+           7.10E-017   0.00E+000    ********       83.85
SiOH+          6.03E-012   7.38E-012        1.22        0.09
C4+            9.10E-019   7.87E-019        0.00        0.06
C4H+           3.00E-018   2.83E-018        1.06        0.02
C4H2+          6.46E-015   6.73E-015        1.04        0.02
C2N2+          4.10E-024   0.00E+000        0.00       76.61
HCN+           4.99E-017   6.20E-017        1.24        0.09
HC3NH+         1.22E-016   1.65E-016        1.35        0.13
SiC2H          7.63E-015   7.16E-015        1.07        0.03
SiC2+          9.26E-022   1.10E-021        0.00        0.08
SiC2H+         9.75E-017   1.06E-016        1.09        0.04
SiS+           1.28E-017   0.00E+000    ********       83.11
C5+            7.17E-021   8.19E-021        0.00        0.06
C5H+           1.62E-016   2.05E-016        1.27        0.10
SO2+           1.70E-016   2.57E-016        1.51        0.18
SO+            3.20E-012   3.39E-012        1.06        0.03
C5H3+          8.75E-018   1.55E-017        1.77        0.25
CH3C3N         1.03E-015   0.00E+000    ********       85.01
SiC3H          3.16E-017   6.61E-017        2.09        0.32
SiC3+          3.42E-018   3.79E-018        1.11        0.05
C6+            1.25E-020   1.20E-020        0.00        0.02
C6H+           5.17E-019   5.11E-019        0.00        0.01
C6H6+          3.08E-021   0.00E+000        0.00       79.49
C6H5+          1.58E-023   0.00E+000        0.00       77.20
C7+            2.63E-022   3.68E-022        0.00        0.15
C7H+           7.52E-019   1.19E-018        0.00        0.20
C7H3+          5.08E-020   6.73E-020        0.00        0.12
CH3C5N         6.16E-021   0.00E+000        0.00       79.79
C8+            1.07E-021   1.26E-021        0.00        0.07
C8H+           5.32E-024   5.92E-024        0.00        0.05
C9+            1.23E-024   1.69E-024        0.00        0.14
C9H+           5.78E-022   9.31E-022        0.00        0.21
CH3C7N         2.31E-023   0.00E+000        0.00       77.36
H3+            1.58E-009   1.67E-009        1.06        0.02
He+            2.48E-010   2.50E-010        1.01        0.00
NH+            2.27E-015   3.33E-015        1.47        0.17
N+             1.67E-011   2.10E-011        1.25        0.10
OH+            1.18E-013   1.15E-013        1.03        0.01
O+             3.01E-014   3.01E-014        1.00        0.00
O-             1.92E-018   0.00E+000    ********       82.28
NH3+           2.74E-012   3.76E-012        1.37        0.14
H2O+           2.39E-013   2.26E-013        1.06        0.02
NH4+           3.00E-011   4.81E-011        1.61        0.21
H3O+           2.26E-009   2.40E-009        1.06        0.03
F+             7.94E-017   0.00E+000    ********       83.90
HF+            2.32E-017   0.00E+000    ********       83.37
H2F+           4.11E-012   5.25E-012        1.28        0.11
C2H+           1.26E-018   1.32E-018        1.04        0.02
CN+            2.88E-017   3.88E-017        1.35        0.13
HCNH+          8.36E-012   1.40E-011        1.67        0.22
HOC+           5.17E-014   5.24E-014        1.01        0.01
N2+            1.30E-015   1.24E-015        1.05        0.02
HNO+           1.61E-010   2.38E-010        1.48        0.17
O2H+           6.94E-017   0.00E+000    ********       83.84
SiH4+          4.06E-028   0.00E+000        0.00       72.61
SiH5+          1.32E-021   0.00E+000        0.00       79.12
Cl+            7.97E-018   0.00E+000    ********       82.90
HCl+           1.27E-017   0.00E+000    ********       83.10
H2Cl+          2.03E-013   0.00E+000    ********       87.31
CH3CN+         3.16E-019   6.15E-019        0.00        0.29
CH3CNH+        7.66E-015   1.54E-014        2.01        0.30
CP+            2.53E-023   0.00E+000        0.00       77.40
HCP+           1.49E-021   0.00E+000        0.00       79.17
HNSi+          3.39E-020   0.00E+000        0.00       80.53
SiNH2+         6.08E-014   8.86E-014        1.46        0.16
PCH2+          7.86E-016   0.00E+000    ********       84.90
HCO2+          7.92E-012   1.13E-011        1.43        0.16
HCS+           6.32E-014   8.24E-014        1.30        0.12
SiO+           4.18E-017   4.17E-017        1.00        0.00
C3N+           5.98E-022   6.65E-022        0.00        0.05
HC3N+          1.12E-018   1.38E-018        1.23        0.09
NCCNH+         1.30E-017   0.00E+000    ********       83.11
C3O+           7.19E-020   0.00E+000        0.00       80.86
HC3O+          4.85E-014   0.00E+000    ********       86.69
H3C3N+         1.64E-021   0.00E+000        0.00       79.22
H4C3N+         1.71E-020   0.00E+000        0.00       80.23
C2S+           6.45E-021   5.52E-021        0.00        0.07
HC2S+          2.14E-015   2.18E-015        1.02        0.01
C5H2+          1.46E-017   2.50E-017        1.72        0.23
C4N+           3.28E-020   3.78E-020        0.00        0.06
HC4N+          2.39E-022   0.00E+000        0.00       78.38
H2C4N+         2.39E-022   0.00E+000        0.00       78.38
HSO2+          5.38E-013   1.02E-012        1.90        0.28
CH3C3N+        2.39E-022   0.00E+000        0.00       78.38
CH3C3NH+       1.88E-018   0.00E+000    ********       82.27
C6H2+          3.69E-018   3.39E-018        1.09        0.04
C5N+           4.16E-023   4.44E-023        0.00        0.03
HC5N+          9.72E-023   1.05E-022        0.00        0.03
H2C5N+         3.57E-018   3.52E-018        1.01        0.01
C7H2+          1.42E-020   2.13E-020        0.00        0.18
C8H2+          2.68E-020   3.03E-020        0.00        0.05
C7N+           1.93E-025   0.00E+000        0.00       75.29
HC7N+          6.99E-023   0.00E+000        0.00       77.84
H2C7N+         3.26E-021   0.00E+000        0.00       79.51
C9H2+          2.27E-023   2.50E-023        0.00        0.04
C9N+           1.49E-028   0.00E+000        0.00       72.17
HC9N+          5.70E-026   0.00E+000        0.00       74.76
H2C9N+         2.81E-024   0.00E+000        0.00       76.45
Na             1.39E-010   1.34E-010        1.04        0.02
Na+            2.86E-009   2.87E-009        1.00        0.00
Mg             2.70E-010   2.48E-010        1.09        0.04
Mg+            2.73E-009   2.75E-009        1.01        0.00
H2CO+          2.45E-014   2.43E-014        1.01        0.00
PH+            2.50E-013   0.00E+000    ********       87.40
H2NO+          6.21E-013   0.00E+000    ********       87.79
PH2+           3.38E-015   0.00E+000    ********       85.53
CH3OH2+        9.45E-017   1.54E-016        1.63        0.21
PH3+           1.15E-014   0.00E+000    ********       86.06
HCl            3.02E-010   0.00E+000    ********       90.48
C2NH+          4.65E-015   0.00E+000    ********       85.67
HC2O+          1.03E-014   1.36E-014        1.31        0.12
CH3CO+         2.93E-014   3.42E-014        1.17        0.07
NH2CNH+        7.06E-015   1.48E-014        2.10        0.32
SiCH3+         3.36E-018   4.80E-018        1.43        0.16
SiCH4+         2.17E-018   2.81E-018        1.29        0.11
HN2O+          2.51E-014   0.00E+000    ********       86.40
CH3CHOH+       3.17E-014   4.32E-014        1.36        0.13
HPN+           9.50E-013   0.00E+000    ********       87.98
H2CS+          1.79E-016   1.52E-016        1.17        0.07
PCH4+          9.41E-018   0.00E+000    ********       82.97
C2H5OH         3.07E-014   4.48E-014        1.46        0.16
CH3OCH3        5.86E-019   0.00E+000        0.00       81.77
CH3OCH4+       4.41E-021   0.00E+000        0.00       79.64
HNS+           2.03E-015   0.00E+000    ********       85.31
H3CS+          1.04E-014   8.92E-015        1.16        0.07
H3SiO+         6.45E-020   0.00E+000        0.00       80.81
HPO+           1.83E-013   0.00E+000    ********       87.26
H2PO+          2.05E-015   0.00E+000    ********       85.31
HSO+           8.37E-012   1.38E-011        1.65        0.22
C4H3+          2.68E-015   3.47E-015        1.29        0.11
C4H4+          4.24E-017   0.00E+000    ********       83.63
SiC2H2+        2.40E-017   2.64E-017        1.10        0.04
SiNCH+         3.69E-019   0.00E+000        0.00       81.57
SiC2H3+        2.72E-017   3.17E-017        1.17        0.07
HC2P+          8.71E-018   0.00E+000    ********       82.94
Fe             1.74E-010   3.00E-009       17.21        1.24
Fe+            2.83E-009   0.00E+000    ********       91.45
PC2H2+         7.50E-018   0.00E+000    ********       82.88
CH3COCH3       1.70E-018   0.00E+000    ********       82.23
C3H5+          6.94E-017   1.20E-016        1.73        0.24
CH3COCH4+      2.44E-020   0.00E+000        0.00       80.39
HCOOCH3        1.90E-021   0.00E+000        0.00       79.28
H5C2O2+        1.90E-023   0.00E+000        0.00       77.28
HOCS+          4.38E-014   4.10E-014        1.07        0.03
HSiO2+         2.44E-014   0.00E+000    ********       86.39
SiS            1.96E-017   0.00E+000    ********       83.29
HSiS+          2.35E-019   0.00E+000        0.00       81.37
C5H5+          2.55E-018   3.81E-018        1.49        0.17
SiC3H+         7.65E-017   8.59E-017        1.12        0.05
HS2+           3.07E-018   0.00E+000    ********       82.49
SiC3H2+        1.60E-019   4.08E-019        0.00        0.41
HS2            2.13E-014   0.00E+000    ********       86.33
H2S2+          1.04E-016   0.00E+000    ********       84.02
H2S2           4.44E-015   0.00E+000    ********       85.65
H3S2+          2.84E-017   0.00E+000    ********       83.45
PC3H+          2.17E-019   0.00E+000        0.00       81.34
HC3S+          3.22E-016   2.79E-016        1.15        0.06
C6H3+          2.74E-018   4.93E-018        1.80        0.26
SiC4H+         6.14E-022   7.41E-022        0.00        0.08
C6H6           2.33E-017   0.00E+000    ********       83.37
C6H7+          8.45E-021   0.00E+000        0.00       79.93
PC4H+          6.35E-019   0.00E+000        0.00       81.80
C4S            1.97E-015   1.54E-015        1.27        0.10
HC4S+          1.00E-017   9.37E-018        1.07        0.03
C7H5+          2.03E-020   3.34E-020        0.00        0.22
CH3C5NH+       3.51E-023   0.00E+000        0.00       77.55
C8H3+          1.88E-021   3.05E-021        0.00        0.21
C9H3+          8.24E-023   9.98E-023        0.00        0.08
CH3C7NH+       1.36E-025   0.00E+000        0.00       75.13
P+             2.49E-013   0.00E+000    ********       87.40
O2+            1.89E-010   1.90E-010        1.00        0.00
PO+            9.26E-013   0.00E+000    ********       87.97
C2N+           4.42E-013   6.98E-013        1.58        0.20
S2+            3.35E-016   0.00E+000    ********       84.53
CCP+           1.71E-017   0.00E+000    ********       83.23
H2NC+          6.67E-012   1.12E-011        1.68        0.22
CF+            4.83E-012   6.05E-012        1.25        0.10
CNC+           2.52E-013   4.03E-013        1.60        0.20
C-             8.46E-020   0.00E+000        0.00       80.93
CCl+           3.99E-014   0.00E+000    ********       86.60
SiNC+          4.79E-015   6.74E-015        1.41        0.15
E-             1.85E-008   1.68E-008        1.10        0.04
C3S+           1.12E-017   9.27E-018        1.21        0.08
SiC4+          1.43E-018   1.76E-018        1.23        0.09
H3C5N+         3.09E-021   0.00E+000        0.00       79.49
H3C7N+         6.91E-023   0.00E+000        0.00       77.84
C10+           2.38E-023   3.07E-023        0.00        0.11
H3C9N+         1.49E-025   0.00E+000        0.00       75.17
CH2CO+         1.76E-015   1.78E-015        1.01        0.00
NS+            4.11E-014   0.00E+000    ********       86.61
C4H5+          1.16E-019   0.00E+000        0.00       81.06
CH3C4H+        7.18E-019   1.02E-018        0.00        0.15
CH3C6H+        6.66E-021   0.00E+000        0.00       79.82
C9H4+          9.88E-024   0.00E+000        0.00       76.99
CH4N+          5.05E-015   0.00E+000    ********       85.70
OCN+           2.94E-015   0.00E+000    ********       85.47
H2CCl+         1.06E-016   0.00E+000    ********       84.02
H2SiO+         1.68E-018   0.00E+000    ********       82.22
PN+            9.26E-015   0.00E+000    ********       85.97
OCS+           6.43E-015   6.37E-015        1.01        0.00
PCH3+          1.41E-016   0.00E+000    ********       84.15
HCOOH2+        2.39E-012   0.00E+000    ********       88.38
C6H4+          1.82E-019   0.00E+000        0.00       81.26
C8H4+          1.11E-022   0.00E+000        0.00       78.05
C2H7+          7.52E-023   0.00E+000        0.00       77.88
PNH2+          4.00E-016   0.00E+000    ********       84.60
PNH3+          5.31E-016   0.00E+000    ********       84.73
CH2NH2+        2.89E-015   0.00E+000    ********       85.46
C2H5OH2+       2.69E-016   4.16E-016        1.55        0.19
HNCO+          6.58E-019   0.00E+000        0.00       81.82
N2O+           6.32E-014   0.00E+000    ********       86.80
SiF+           5.68E-014   6.79E-014        1.20        0.08
C2O+           5.04E-018   0.00E+000    ********       82.70
C4H7+          3.78E-022   0.00E+000        0.00       78.58
PC2H3+         2.01E-019   0.00E+000        0.00       81.30
CH3CS+         1.53E-018   0.00E+000    ********       82.19
PC2H4+         8.77E-022   0.00E+000        0.00       78.94
CH3COCH3+      9.65E-022   0.00E+000        0.00       78.98
C4S+           2.85E-018   2.43E-018        1.17        0.07
CH3OH+         1.17E-017   0.00E+000    ********       83.07
CH3CHO+        5.86E-016   6.72E-016        1.15        0.06
C2H5OH+        8.39E-018   1.17E-017        1.39        0.14
CH3OCH3+       1.69E-022   0.00E+000        0.00       78.23
COOCH4+        7.94E-025   0.00E+000        0.00       75.90
C4P+           1.77E-022   0.00E+000        0.00       78.25
ClO+           0.00E+000   0.00E+000        0.00        -Inf
S-             2.49E-017   0.00E+000    ********       83.40
HCOOH+         3.73E-027   0.00E+000        0.00       73.57
C3H2O+         4.22E-018   0.00E+000    ********       82.63
H3C3O+         5.68E-015   0.00E+000    ********       85.75
NCCNCH3+       1.14E-023   0.00E+000        0.00       77.06
C8H5+          3.31E-022   0.00E+000        0.00       78.52
C9H5+          1.08E-024   0.00E+000        0.00       76.03
