H              4.864944E-006   4.908762E-006        0.01        1.01        0.00 *
H2             5.114098E-001   5.113132E-001       -0.00        1.00        0.00
D              3.264119E-006   3.161835E-006       -0.03        1.03        0.01 *
D2             1.141055E-002   1.131403E-002       -0.01        1.01        0.00
H2+            2.465954E-014   2.512890E-014        0.02        1.02        0.01
H3+            1.940297E-013   1.943084E-013        0.00        1.00        0.00
HD+            3.721295E-015   3.791150E-015        0.02        1.02        0.01
H2D+           4.164344E-013   4.197645E-013        0.01        1.01        0.00
HD             7.717527E-002   7.736838E-002        0.00        1.00        0.00
D2+            5.502024E-016   5.732367E-016        0.04        1.04        0.02
HD2+           6.440688E-013   6.471329E-013        0.00        1.00        0.00
D3+            2.157505E-010   2.169364E-010        0.01        1.01        0.00
CH2+           2.332314E-017   2.354006E-017        0.01        0.00        0.00
CH3+           1.842512E-016   1.856257E-016        0.01        1.01        0.00
CH2D+          1.865634E-016   1.862419E-016       -0.00        1.00        0.00
CHD+           4.968868E-018   4.949035E-018       -0.00        0.00        0.00
CHD2+          2.427356E-016   2.397295E-016       -0.01        1.01        0.01
CD2+           1.200594E-018   1.215193E-018        0.01        0.00        0.01
CD3+           5.447112E-014   5.323271E-014       -0.02        1.02        0.01
CH+            2.871585E-019   2.736345E-019       -0.05        0.00        0.02
CD+            4.792025E-019   4.390665E-019       -0.08        0.00        0.04
H2O+           8.388434E-015   8.986430E-015        0.07        1.07        0.03
H3O+           2.928191E-010   1.888478E-010       -0.36        1.55        0.19
H2DO+          3.122871E-010   1.921016E-010       -0.38        1.63        0.21
HDO+           5.984891E-015   5.980127E-015       -0.00        1.00        0.00
HD2O+          1.658276E-010   9.847535E-011       -0.41        1.68        0.23
D2O+           3.750847E-015   3.565427E-015       -0.05        1.05        0.02
D3O+           3.595387E-011   1.936600E-011       -0.46        1.86        0.27
CH2            3.190998E-013   3.084202E-013       -0.03        1.03        0.01
O              1.582804E-005   1.550958E-005       -0.02        1.02        0.01
CO             7.236592E-005   7.245265E-005        0.00        1.00        0.00 *
CHD            1.839333E-012   1.765840E-012       -0.04        1.04        0.02
CD2            9.682952E-013   9.520887E-013       -0.02        1.02        0.01
OH+            4.286133E-015   4.629126E-015        0.08        1.08        0.03
OD+            5.134305E-015   5.064343E-015       -0.01        1.01        0.01
E-             6.935996E-009   1.103732E-008        0.59        1.59        0.20
OH             4.931245E-009   5.074809E-009        0.03        1.03        0.01 *
OD             7.556284E-009   7.540650E-009       -0.00        1.00        0.00 *
C              8.868433E-012   1.041848E-011        0.17        1.17        0.07
He+            2.452223E-011   2.457920E-011        0.00        1.00        0.00
C+             6.229309E-011   6.176503E-011       -0.01        1.01        0.00
He             1.400000E-001   1.400000E-001       -0.00        1.00        0.00
O2             4.298333E-005   4.305478E-005        0.00        1.00        0.00
HCO+           9.790818E-011   6.563500E-011       -0.33        1.49        0.17 *
DCO+           2.547576E-009   1.586248E-009       -0.38        1.61        0.21 *
HOC+           2.187419E-015   2.381161E-015        0.09        1.09        0.04
DOC+           2.087334E-015   2.204962E-015        0.06        1.06        0.02
H2O            3.736643E-008   5.608825E-008        0.50        1.50        0.18 *
HDO            2.954992E-008   4.134492E-008        0.40        1.40        0.15 *
D2O            8.461348E-009   1.117221E-008        0.32        1.32        0.12 *
H2O2           3.068096E-143   2.633473E-143       -0.00        0.00      -42.51 *
HDO2           3.613185E-142   3.403234E-142       -0.00        0.00      -41.44 *
D2O2           3.941272E-142   0.000000E+000       -0.00        0.00      -41.40
H2CO           1.493073E-013   2.066676E-013        0.38        1.38        0.14 *
O2H            3.433149E-012   2.345714E-012       -0.32        1.46        0.17 *
HCO            6.765315E-013   6.462422E-013       -0.04        1.05        0.02
HDCO           7.697346E-013   1.129404E-012        0.47        1.47        0.17 *
DCO            1.170765E-012   1.249732E-012        0.07        1.07        0.03
O2D            5.079179E-010   3.305681E-010       -0.35        1.54        0.19 *
D2CO           4.165904E-013   6.068026E-013        0.46        1.46        0.16 *
N              7.595541E-008   8.229612E-008        0.08        1.08        0.03
NH             1.662014E-011   2.123924E-011        0.28        1.28        0.11
ND             4.116178E-010   5.611398E-010        0.36        1.36        0.13
H2CO+          9.313988E-018   6.220471E-018       -0.33        0.00        0.18
HDCO+          1.083706E-017   7.659027E-018       -0.29        0.00        0.15
D2CO+          2.063049E-015   1.337633E-015       -0.35        1.54        0.19
CH             1.204232E-012   1.095736E-012       -0.09        1.10        0.04
CH3OH          5.368510E-018   1.055210E-017        0.97        0.00        0.29 *
CH3            8.773373E-015   8.819884E-015        0.01        1.01        0.00
CD             1.814616E-012   1.822753E-012        0.00        1.00        0.00
CH2D           2.883996E-013   4.253452E-013        0.47        1.47        0.17
CH2DOH         0.000000E+000   0.000000E+000        0.00        0.00        -Inf *
CH3OD          0.000000E+000   0.000000E+000        0.00        0.00        -Inf *
CHD2           5.732710E-013   8.557686E-013        0.49        1.49        0.17
CHD2OH         0.000000E+000   0.000000E+000        0.00        0.00        -Inf *
CH2DOD         0.000000E+000   0.000000E+000        0.00        0.00        -Inf *
CD3            1.213275E-013   1.747236E-013        0.44        1.44        0.16
CD3OH          0.000000E+000   0.000000E+000        0.00        0.00        -Inf *
CHD2OD         0.000000E+000   0.000000E+000        0.00        0.00        -Inf *
CD3OD          0.000000E+000   0.000000E+000        0.00        0.00        -Inf *
CH3CHO         1.509717E-013   1.860541E-013        0.23        1.23        0.09
CH4            1.207390E-010   1.152700E-010       -0.05        1.05        0.02 *
C2H3+          1.099631E-014   6.433063E-015       -0.41        1.71        0.23
CH3D           3.174152E-010   2.974423E-010       -0.06        1.07        0.03 *
C2H2D+         1.092385E-013   6.416013E-014       -0.41        1.70        0.23
CH2D2          5.114866E-008   4.824214E-008       -0.06        1.06        0.03 *
C2HD2+         1.755860E-013   1.039720E-013       -0.41        1.69        0.23
CHD3           3.611830E-008   3.406723E-008       -0.06        1.06        0.03
C2D3+          5.525468E-014   3.388346E-014       -0.39        1.63        0.21
CD4            9.359019E-010   9.134946E-010       -0.02        1.02        0.01
C2H2+          3.478349E-018   2.741396E-018       -0.21        0.00        0.10
C2HD+          2.369433E-016   2.093667E-016       -0.12        1.13        0.05
C2D2+          1.087975E-016   9.779828E-017       -0.10        1.11        0.05
CH5+           2.263818E-016   2.184878E-016       -0.03        1.04        0.02
CH4D+          3.515256E-016   3.371791E-016       -0.04        1.04        0.02
CH3D2+         9.067794E-016   8.799106E-016       -0.03        1.03        0.01
CH2D3+         3.233012E-013   3.035520E-013       -0.06        1.07        0.03
CHD4+          1.007408E-014   9.478765E-015       -0.06        1.06        0.03
CD5+           1.488703E-015   1.444620E-015       -0.03        1.03        0.01
NH3            7.755097E-009   1.283271E-008        0.65        1.65        0.22 *
H2NC+          9.221260E-013   9.451278E-013        0.02        1.02        0.01
NH2D           8.421684E-009   1.362518E-008        0.62        1.62        0.21 *
HDNC+          8.373470E-013   8.553341E-013        0.02        1.02        0.01
NHD2           5.922006E-009   9.889732E-009        0.67        1.67        0.22 *
D2NC+          4.135156E-013   4.274973E-013        0.03        1.03        0.01
ND3            2.762290E-009   4.562185E-009        0.65        1.65        0.22 *
NH4+           6.058794E-012   4.043585E-012       -0.33        1.50        0.18
NH3+           1.826173E-012   1.994890E-012        0.09        1.09        0.04
NH2D+          4.755066E-013   5.039339E-013        0.06        1.06        0.03
NHD2+          6.891598E-014   5.996628E-014       -0.13        1.15        0.06
ND3+           6.105135E-015   6.899533E-015        0.13        1.13        0.05
NH2+           1.462333E-015   1.521993E-015        0.04        1.04        0.02
NHD+           2.588787E-016   2.715613E-016        0.05        1.05        0.02
ND2+           2.375675E-017   1.029448E-017       -0.57        0.00        0.36
NH3D+          6.495092E-012   4.168642E-012       -0.36        1.56        0.19
NH2D2+         5.324766E-012   3.376739E-012       -0.37        1.58        0.20
NHD3+          3.512966E-012   2.408178E-012       -0.31        1.46        0.16
ND4+           1.593417E-012   1.028980E-012       -0.35        1.55        0.19
CH3CN          7.451361E-015   2.037697E-014        1.73        2.73        0.44 *
CN             1.387964E-012   2.198059E-012        0.58        1.58        0.20
CH2DCN         7.752033E-014   1.920213E-013        1.48        2.48        0.39 *
CHD2CN         1.382621E-013   3.152949E-013        1.28        2.28        0.36 *
CD3CN          6.440891E-014   1.418810E-013        1.20        2.20        0.34 *
CH3CNH+        1.707704E-017   1.841206E-017        0.08        0.00        0.03
CH2DCNH+       2.194417E-016   2.409956E-016        0.10        1.10        0.04
CH3CND+        7.318988E-017   8.031560E-017        0.10        0.00        0.04
CHD2CNH+       6.157396E-016   5.858498E-016       -0.05        1.05        0.02
CH2DCND+       6.157396E-016   5.858498E-016       -0.05        1.05        0.02
CD3CNH+        2.935427E-016   2.591778E-016       -0.12        1.13        0.05
CHD2CND+       8.789022E-016   7.759923E-016       -0.12        1.13        0.05
CD3CND+        4.000280E-016   3.513461E-016       -0.12        1.14        0.06
HCN            6.261560E-011   1.376382E-010        1.20        2.20        0.34 *
CNC+           1.894322E-014   2.815529E-014        0.49        1.49        0.17
DCN            1.415029E-010   3.492627E-010        1.47        2.47        0.39 *
HCNH+          2.895431E-013   2.728484E-013       -0.06        1.06        0.03
DCNH+          5.429918E-013   5.067621E-013       -0.07        1.07        0.03
HCND+          5.429918E-013   5.067621E-013       -0.07        1.07        0.03
DCND+          1.346357E-012   1.439303E-012        0.07        1.07        0.03
HNC            1.867517E-010   4.382516E-010        1.35        2.35        0.37 *
C2N+           3.751170E-014   5.572633E-014        0.49        1.49        0.17
DNC            2.174299E-010   5.254362E-010        1.42        2.42        0.38 *
HN2+           1.709861E-012   1.347595E-012       -0.21        1.27        0.10 *
DN2+           4.276139E-011   3.589919E-011       -0.16        1.19        0.08 *
N2             9.991165E-006   9.873320E-006       -0.01        1.01        0.01
N2+            1.306706E-016   1.319169E-016        0.01        1.01        0.00
H2S            1.857213E-012   2.338214E-012        0.26        1.26        0.10 *
HCS+           1.310088E-014   8.082901E-015       -0.38        1.62        0.21
HDS            4.818321E-012   6.112695E-012        0.27        1.27        0.10 *
DCS+           1.469252E-014   8.218256E-015       -0.44        1.79        0.25
D2S            1.620523E-012   2.245773E-012        0.39        1.39        0.14
S+             1.359847E-012   1.115141E-012       -0.18        1.22        0.09
H2S+           9.185941E-016   5.458080E-016       -0.41        1.68        0.23
HDS+           7.208138E-016   3.809628E-016       -0.47        1.89        0.28
D2S+           2.399494E-016   1.184374E-016       -0.51        2.03        0.31
H3S+           1.335752E-015   6.624375E-016       -0.50        2.02        0.30
H2DS+          2.542690E-014   1.371274E-014       -0.46        1.85        0.27
HD2S+          1.287600E-014   7.024969E-015       -0.45        1.83        0.26
D3S+           4.270668E-015   2.643102E-015       -0.38        1.62        0.21
C2H+           5.334143E-020   0.000000E+000       -1.00        0.00       80.73
C2D+           2.202212E-020   2.330088E-020        0.06        0.00        0.02
C2             3.196949E-013   4.398346E-013        0.38        1.38        0.14
CO2            2.045543E-007   1.297574E-007       -0.37        1.58        0.20
NO             1.314927E-006   1.521532E-006        0.16        1.16        0.06
C2H            6.827808E-012   6.544730E-012       -0.04        1.04        0.02
C2D            9.954330E-012   9.612443E-012       -0.03        1.04        0.02
CH3CO+         5.118065E-016   3.332287E-016       -0.35        1.54        0.19
CH2DCHO        4.340115E-013   5.864809E-013        0.35        1.35        0.13
CH2DCO+        2.330886E-015   1.509694E-015       -0.35        1.54        0.19
CH3CDO         1.446705E-013   1.866427E-013        0.29        1.29        0.11
CHD2CHO        3.401583E-013   4.474996E-013        0.32        1.32        0.12
CHD2CO+        3.710909E-015   2.378048E-015       -0.36        1.56        0.19
CH2DCDO        3.401583E-013   4.474996E-013        0.32        1.32        0.12
CD3CHO         9.125390E-014   1.093457E-013        0.20        1.20        0.08
CD3CO+         3.411608E-015   2.124263E-015       -0.38        1.61        0.21
CHD2CDO        2.737617E-013   3.481619E-013        0.27        1.27        0.10
CD3CDO         7.948298E-014   1.001467E-013        0.26        1.26        0.10
CH3CHO+        6.779483E-018   5.205810E-018       -0.23        0.00        0.11
CH2DCHO+       1.943534E-017   1.617891E-017       -0.17        0.00        0.08
CH3CDO+        6.507369E-018   5.417045E-018       -0.17        0.00        0.08
CHD2CHO+       1.527503E-017   1.365936E-017       -0.11        0.00        0.05
CH2DCDO+       1.527503E-017   1.365936E-017       -0.11        0.00        0.05
CD3CHO+        4.104657E-018   3.205618E-018       -0.22        0.00        0.11
CHD2CDO+       1.225924E-017   9.574113E-018       -0.22        0.00        0.11
CD3CDO+        3.569235E-018   2.802114E-018       -0.21        0.00        0.11
CH3CHOH+       7.721123E-016   4.253512E-016       -0.45        1.82        0.26
CH2DCHOH+      2.139757E-015   1.140503E-015       -0.47        1.88        0.27
CH3CDOH+       7.132524E-016   3.749573E-016       -0.47        1.90        0.28
CH3CHOD+       7.132524E-016   4.001766E-016       -0.44        1.78        0.25
CHD2CHOH+      1.690135E-015   8.861336E-016       -0.48        1.91        0.28
CH2DCDOH+      1.690135E-015   8.861336E-016       -0.48        1.91        0.28
CH2DCHOD+      1.690135E-015   8.861336E-016       -0.48        1.91        0.28
CH3CDOD+       5.633783E-016   3.077494E-016       -0.45        1.83        0.26
CD3CHOH+       4.372532E-016   2.332151E-016       -0.47        1.87        0.27
CHD2CDOH+      1.311760E-015   6.692881E-016       -0.49        1.96        0.29
CHD2CHOD+      1.311760E-015   6.692881E-016       -0.49        1.96        0.29
CH2DCDOD+      1.311760E-015   6.692881E-016       -0.49        1.96        0.29
CD3CDOH+       3.680078E-016   1.793541E-016       -0.51        2.05        0.31
CD3CHOD+       3.680078E-016   1.793541E-016       -0.51        2.05        0.31
CHD2CDOD+      1.104024E-015   5.380624E-016       -0.51        2.05        0.31
CD3CDOD+       3.334321E-016   1.580955E-016       -0.53        2.11        0.32
C3H2+          4.546474E-016   4.409117E-016       -0.03        1.03        0.01
C3HD+          3.807613E-016   3.637318E-016       -0.04        1.05        0.02
C3D2+          6.364560E-017   5.429431E-017       -0.15        0.00        0.07
C3H+           1.327450E-018   1.794513E-018        0.35        0.00        0.13
C3D+           1.771323E-018   2.400989E-018        0.36        0.00        0.13
NH+            3.323025E-016   3.520311E-016        0.06        1.06        0.03
ND+            3.020836E-017   3.996579E-017        0.32        0.00        0.12
CH2CN          4.775392E-013   7.717254E-013        0.62        1.62        0.21
CHDCN          2.012493E-012   3.008542E-012        0.49        1.49        0.17
CD2CN          1.543493E-012   2.193934E-012        0.42        1.42        0.15
HCN+           2.103837E-019   3.601192E-019        0.71        0.00        0.23
DCN+           2.343075E-020   5.604092E-009    ********        0.00       11.38
N+             3.252988E-014   3.636938E-014        0.12        1.12        0.05
S              5.978346E-009   5.894722E-009       -0.01        1.01        0.01
CS+            1.367603E-018   1.384094E-018        0.01        0.00        0.01
H3CS+          1.175277E-017   5.538609E-018       -0.53        0.00        0.33
H2DCS+         1.009095E-015   4.801045E-016       -0.52        2.10        0.32
HD2CS+         2.866558E-015   1.357613E-015       -0.53        2.11        0.32
D3CS+          1.604972E-015   7.590034E-016       -0.53        2.11        0.33
SO+            1.191509E-012   7.061544E-013       -0.41        1.69        0.23
HS+            1.154035E-015   8.292886E-016       -0.28        1.39        0.14
DS+            1.947312E-013   1.661661E-013       -0.15        1.17        0.07
HS             5.797998E-013   4.985437E-013       -0.14        1.16        0.07
DS             1.100038E-012   1.039624E-012       -0.05        1.06        0.02
C2O            8.426139E-014   4.987323E-014       -0.41        1.69        0.23
CO+            1.150899E-015   1.154465E-015        0.00        1.00        0.00
H+             7.134192E-012   5.997551E-012       -0.16        1.19        0.08
D+             5.399697E-017   0.000000E+000       -1.00        0.00       83.73
C3             4.069478E-013   9.988181E-013        1.45        2.45        0.39
CH2CO          1.130234E-012   1.871882E-012        0.66        1.66        0.22
CHDCO          2.656274E-012   4.390885E-012        0.65        1.65        0.22
CD2CO          2.036205E-012   3.276057E-012        0.61        1.61        0.21
C2H2           1.159207E-010   1.585002E-010        0.37        1.37        0.14
C2HD           3.912180E-010   5.216452E-010        0.33        1.33        0.12
C2D2           2.197406E-010   2.957540E-010        0.35        1.35        0.13
C4H+           3.311760E-020   9.127552E-020        1.76        0.00        0.44
C4D+           1.341178E-020   3.724832E-020        1.78        0.00        0.44
C4+            1.279502E-020   3.782926E-020        1.96        0.00        0.47
C3H            4.402588E-014   9.007068E-014        1.05        2.05        0.31
C3D            2.762752E-014   5.272181E-014        0.91        1.91        0.28
C2H4+          9.183489E-017   0.000000E+000       -1.00        0.00       83.96
C2H3D+         9.220423E-015   5.436790E-015       -0.41        1.70        0.23
C2H2D2+        3.881690E-015   2.354520E-015       -0.39        1.65        0.22
C2HD3+         5.830173E-016   2.790709E-016       -0.52        2.09        0.32
C2D4+          6.520468E-017   0.000000E+000       -1.00        0.00       83.81
C3H3+          1.831481E-015   1.737679E-015       -0.05        1.05        0.02
C3H2D+         4.640451E-015   4.878666E-015        0.05        1.05        0.02
C3HD2+         4.161285E-015   4.629521E-015        0.11        1.11        0.05
C3D3+          1.820319E-015   2.145358E-015        0.18        1.18        0.07
H2C3H+         3.808527E-015   4.430495E-015        0.16        1.16        0.07
HDC3H+         3.786318E-015   4.415754E-015        0.17        1.17        0.07
H2C3D+         1.886458E-015   2.201557E-015        0.17        1.17        0.07
D2C3H+         2.840948E-016   2.996862E-016        0.05        1.05        0.02
HDC3D+         5.702080E-016   6.015015E-016        0.05        1.05        0.02
D2C3D+         1.133900E-016   0.000000E+000       -1.00    ********       84.05
HC3N           1.672461E-014   2.787121E-014        0.67        1.67        0.22
DC3N           3.151332E-014   5.568915E-014        0.77        1.77        0.25
CN+            2.065446E-019   3.568018E-019        0.73        0.00        0.24
CS             2.833347E-011   3.722814E-011        0.31        1.31        0.12
H2CS           1.987483E-013   2.206533E-013        0.11        1.11        0.05
HDCS           1.475135E-012   1.593753E-012        0.08        1.08        0.03
D2CS           1.461845E-012   1.576052E-012        0.08        1.08        0.03
C3+            7.390597E-021   7.839701E-021        0.06        0.00        0.03
CH2CO+         5.075391E-017   5.237542E-017        0.03        0.00        0.01
CHDCO+         1.192817E-016   1.228574E-016        0.03        1.03        0.01
CD2CO+         9.143713E-017   9.166435E-017        0.00        0.00        0.00
C2H3           2.973692E-015   3.037516E-015        0.02        1.02        0.01
C2H2D          1.237151E-014   1.317962E-014        0.07        1.07        0.03
C2HD2          7.848727E-015   8.615002E-015        0.10        1.10        0.04
C2D3           2.807636E-015   2.956455E-015        0.05        1.05        0.02
C4H2+          3.243204E-016   6.089966E-016        0.88        1.88        0.27
C4HD+          1.359716E-016   2.379972E-016        0.75        1.75        0.24
C4D2+          2.659242E-017   3.223131E-017        0.21        0.00        0.08
C4             4.248389E-017   5.417557E-017        0.28        0.00        0.11
C3H2           2.587878E-012   6.705197E-012        1.59        2.59        0.41
C3HD           4.501095E-012   1.219726E-011        1.71        2.71        0.43
C3D2           2.457065E-012   7.190345E-012        1.93        2.93        0.47
C4N+           1.234330E-021   2.312775E-021        0.87        0.00        0.27
HC3NH+         6.264237E-018   4.292787E-018       -0.31        0.00        0.16
DC3NH+         4.092275E-018   2.973880E-018       -0.27        0.00        0.14
HC3ND+         4.092275E-018   2.973880E-018       -0.27        0.00        0.14
DC3ND+         8.325578E-018   8.184088E-018       -0.02        0.00        0.01
H2CS+          5.571587E-018   3.205323E-018       -0.42        0.00        0.24
HDCS+          1.575912E-017   8.985369E-018       -0.43        0.00        0.24
D2CS+          3.934584E-018   2.240935E-018       -0.43        0.00        0.24
C4H            2.038329E-014   4.527035E-014        1.22        2.22        0.35
C4D            1.383292E-014   2.291130E-014        0.66        1.66        0.22
C5H+           1.166861E-017   1.127731E-017       -0.03        0.00        0.01
C5D+           1.925634E-017   2.059307E-017        0.07        0.00        0.03
C5+            4.486852E-023   8.483990E-023        0.89        0.00        0.28
HCS            5.363763E-016   5.164439E-016       -0.04        1.04        0.02
DCS            7.732464E-016   7.531087E-016       -0.03        1.03        0.01
C5             2.941786E-013   5.258642E-013        0.79        1.79        0.25
C6+            6.649820E-022   1.176352E-021        0.77        0.00        0.25
OCS            1.794541E-010   2.367491E-010        0.32        1.32        0.12
C6H+           2.698788E-020   4.886387E-020        0.81        0.00        0.26
OCS+           2.173502E-015   1.703906E-015       -0.22        1.28        0.11
O+             2.768197E-015   2.810698E-015        0.02        1.02        0.01
C6H2+          5.212189E-019   6.146462E-019        0.18        0.00        0.07
C6             5.185643E-018   9.856494E-018        0.90        0.00        0.28
C6H            3.246741E-017   5.797812E-017        0.79        0.00        0.25
C5H            1.156199E-016   2.170986E-016        0.88        1.88        0.27
C7             1.131164E-015   7.534352E-019       -1.00     1501.34        3.18
C8+            2.934541E-023   1.936441E-026       -1.00        0.00        3.18
C8H+           1.379234E-025   9.101274E-029       -1.00        0.00        3.18
C7H+           1.943774E-020   1.773367E-024       -1.00        0.00        4.04
C8H2+          2.049019E-021   8.806356E-025       -1.00        0.00        3.37
C7+            2.809502E-024   2.190125E-028       -1.00        0.00        4.11
C8             2.028059E-020   1.412185E-023       -1.00        0.00        3.16
C8H            1.240448E-019   8.306802E-023       -1.00        0.00        3.17
C7H            1.949974E-019   9.342721E-023       -1.00        0.00        3.32
C9             1.945454E-018   1.258599E-024       -1.00        0.00        6.19
C10+           3.876998E-024   1.562823E-030       -1.00        0.00        6.39
C9H+           3.463458E-023   3.116509E-030       -1.00        0.00        7.05
C9+            3.887819E-026   1.659118E-033       -1.00        0.00        7.37
NH2            9.986881E-011   1.035769E-010        0.04        1.04        0.02
NHD            8.375549E-011   8.191001E-011       -0.02        1.02        0.01
ND2            4.150528E-011   4.447808E-011        0.07        1.07        0.03
HCO2+          2.682083E-013   1.376603E-013       -0.49        1.95        0.29
DCO2+          1.814404E-012   9.641325E-013       -0.47        1.88        0.27
SO             5.540084E-009   5.518976E-009       -0.00        1.00        0.00
C2H5+          2.184822E-019   0.000000E+000       -1.00        0.00       81.34
C2H4D+         2.509892E-017   1.624265E-017       -0.35        0.00        0.19
C2H3D2+        6.011092E-016   3.594280E-016       -0.40        1.67        0.22
C2H2D3+        2.556936E-015   1.498435E-015       -0.41        1.71        0.23
C2HD4+         2.404302E-015   1.619515E-015       -0.33        1.48        0.17
C2D5+          3.919195E-016   2.383350E-016       -0.39        1.64        0.22
HOCS+          1.820465E-015   9.996483E-016       -0.45        1.82        0.26
DOCS+          5.366557E-014   2.986618E-014       -0.44        1.80        0.25
H2CCCC         1.196058E-012   1.785403E-012        0.49        1.49        0.17
HDCCCC         2.922807E-012   4.561259E-012        0.56        1.56        0.19
C5D            6.710100E-008   6.446682E-008       -0.04        1.04        0.02
D2CCCC         2.164197E-012   3.816599E-012        0.76        1.76        0.25
C6H2           8.311903E-016   0.000000E+000       -1.00    ********       84.92
HNO            1.776124E-010   1.811025E-010        0.02        1.02        0.01
DNO            1.044813E-010   1.070501E-010        0.02        1.02        0.01
C4H3+          8.581038E-017   5.416645E-017       -0.37        0.00        0.20
C4H2D+         1.637251E-016   1.109721E-016       -0.32        1.48        0.17
C4HD2+         1.875484E-016   1.449775E-016       -0.23        1.29        0.11
C4D3+          1.422505E-016   1.395324E-016       -0.02        1.02        0.01
C3H3           2.701615E-016   4.721890E-016        0.75        1.75        0.24
C3H2D          1.218998E-014   1.917031E-014        0.57        1.57        0.20
C3HD2          3.991864E-014   5.458960E-014        0.37        1.37        0.14
C3D3           3.082084E-014   3.031560E-014       -0.02        1.02        0.01
CH3C4H         6.203455E-017   1.343829E-016        1.17        0.00        0.34
C2H4           2.215470E-014   3.156389E-014        0.42        1.42        0.15
C2H3D          1.991223E-012   2.913125E-012        0.46        1.46        0.17
C2H2D2         9.693751E-012   1.391799E-011        0.44        1.44        0.16
C2HD3          9.393756E-012   1.516569E-011        0.61        1.61        0.21
C2D4           1.540777E-012   2.394646E-012        0.55        1.55        0.19
C5H5+          1.559302E-021   1.399120E-021       -0.10        0.00        0.05
C5H4D+         0.000000E+000   0.000000E+000        0.00        0.00        -Inf
CH2DC4H        0.000000E+000   0.000000E+000        0.00        0.00        -Inf
CH3C4D         0.000000E+000   0.000000E+000        0.00        0.00        -Inf
C5H3D2+        0.000000E+000   0.000000E+000        0.00        0.00        -Inf
CHD2C4H        0.000000E+000   0.000000E+000        0.00        0.00        -Inf
CH2DC4D        0.000000E+000   0.000000E+000        0.00        0.00        -Inf
C5H2D3+        0.000000E+000   0.000000E+000        0.00        0.00        -Inf
CD3C4H         0.000000E+000   0.000000E+000        0.00        0.00        -Inf
CHD2C4D        0.000000E+000   0.000000E+000        0.00        0.00        -Inf
C5HD4+         0.000000E+000   0.000000E+000        0.00        0.00        -Inf
CD3C4D         0.000000E+000   0.000000E+000        0.00        0.00        -Inf
C5D5+          0.000000E+000   0.000000E+000        0.00        0.00        -Inf
C5H2           2.667728E-015   7.803380E-015        1.93        2.93        0.47
C5HD           9.173714E-015   2.419866E-014        1.64        2.64        0.42
C5D2           1.367377E-014   3.393854E-014        1.48        2.48        0.39
CH3OH2+        8.252414E-020   7.835775E-020       -0.05        0.00        0.02
CH2DOH2+       1.681215E-019   1.694396E-019        0.01        0.00        0.00
CH3OHD+        1.310921E-019   1.243830E-019       -0.05        0.00        0.02
CHD2OH2+       3.245235E-019   0.000000E+000       -1.00        0.00       81.51
CH2DOHD+       1.972486E-019   0.000000E+000       -1.00        0.00       81.30
CH3OD2+        5.578032E-020   0.000000E+000       -1.00        0.00       80.75
CD3OH2+        9.709967E-017   0.000000E+000       -1.00        0.00       83.99
CHD2OHD+       3.421839E-019   0.000000E+000       -1.00        0.00       81.53
CH2DOD2+       7.530709E-020   0.000000E+000       -1.00        0.00       80.88
CD3OHD+        9.597050E-017   8.844013E-017       -0.08        0.00        0.04
CHD2OD2+       1.224583E-019   0.000000E+000       -1.00        0.00       81.09
CD3OD2+        2.747209E-017   2.227659E-017       -0.19        0.00        0.09
NO+            1.388584E-011   9.664540E-012       -0.30        1.44        0.16
OCN            2.043759E-010   3.236697E-010        0.58        1.58        0.20
CH3CN+         1.981532E-023   0.000000E+000       -1.00        0.00       77.30
CH2DCN+        1.370631E-021   2.469460E-021        0.80        0.00        0.26
CHD2CN+        1.359808E-020   2.419311E-020        0.78        0.00        0.25
CD3CN+         2.168723E-020   3.218991E-020        0.48        0.00        0.17
C2+            4.348179E-020   0.000000E+000       -1.00        0.00       80.64
HNO+           1.231978E-013   0.000000E+000       -1.00    ********       87.09
DNO+           3.882511E-011   2.831233E-011       -0.27        1.37        0.14
SO2            8.247026E-009   8.289670E-009        0.01        1.01        0.00
HC2O+          1.782017E-014   6.464630E-015       -0.64        2.76        0.44
DC2O+          2.613725E-014   9.606596E-015       -0.63        2.72        0.43
O2+            1.044265E-010   5.890031E-011       -0.44        1.77        0.25
HC2S+          7.201990E-017   4.828594E-017       -0.33        0.00        0.17
DC2S+          1.610200E-016   1.129241E-016       -0.30        1.43        0.15
C3O            0.000000E+000   0.000000E+000        0.00        0.00        -Inf
HC3N+          1.012387E-022   0.000000E+000       -1.00        0.00       78.01
DC3N+          5.340682E-022   0.000000E+000       -1.00        0.00       78.73
HSO+           2.984761E-013   1.230727E-013       -0.59        2.43        0.38
DSO+           9.272176E-012   4.004893E-012       -0.57        2.32        0.36
C6H3+          1.415646E-020   0.000000E+000       -1.00        0.00       80.15
CH3CCH+        6.939099E-021   4.952115E-021       -0.29        0.00        0.15
CH2DCCH+       7.022120E-020   4.707086E-020       -0.33        0.00        0.17
CH3CCD+        2.340707E-020   1.569029E-020       -0.33        0.00        0.17
CHD2CCH+       8.698126E-019   5.314149E-019       -0.39        0.00        0.21
CH2DCCD+       8.698126E-019   5.314149E-019       -0.39        0.00        0.21
CD3CCH+        1.302524E-018   6.768772E-019       -0.48        0.00        0.28
CHD2CCD+       3.907573E-018   2.030632E-018       -0.48        0.00        0.28
CD3CCD+        3.906747E-018   1.503579E-018       -0.62        0.00        0.41
C5H3+          1.058024E-019   1.288998E-019        0.22        0.00        0.09
C5H2D+         8.785061E-020   1.533739E-019        0.75        0.00        0.24
C5HD2+         7.437441E-019   1.257988E-018        0.69        0.00        0.23
C5D3+          1.828171E-018   2.857678E-018        0.56        0.00        0.19
HSO2+          3.536017E-015   0.000000E+000       -1.00    ********       85.55
DSO2+          1.114564E-012   7.060381E-013       -0.37        1.58        0.20
C2S            7.022839E-014   1.291872E-013        0.84        1.84        0.26
HC3O+          0.000000E+000   0.000000E+000        0.00        0.00        -Inf
DC3O+          0.000000E+000   0.000000E+000        0.00        0.00        -Inf
C3N            2.129040E-016   4.757668E-016        1.23        2.23        0.35
C2N            2.125954E-013   2.260859E-013        0.06        1.06        0.03
C4N            4.652228E-016   1.025032E-015        1.20        2.20        0.34
Mg             7.599420E-011   1.934976E-010        1.55        2.55        0.41
Mg+            2.924006E-009   2.806502E-009       -0.04        1.04        0.02
C7H3+          4.575316E-022   0.000000E+000       -1.00        0.00       78.66
C8H2           2.479227E-018   0.000000E+000       -1.00        0.00       82.39
C7H2           7.524749E-018   0.000000E+000       -1.00        0.00       82.88
C8H3+          5.463476E-023   0.000000E+000       -1.00        0.00       77.74
N2H+           0.000000E+000   0.000000E+000        0.00        0.00        -Inf
N2D+           0.000000E+000   0.000000E+000        0.00        0.00        -Inf
