H              9.74E-007   9.75E-007        1.00        0.00 *
H2             5.00E-001   5.00E-001        1.00        0.00
D              3.46E-010   3.47E-010        1.00        0.00 *
D2             1.10E-007   1.06E-007        1.04        0.02
CH2            2.61E-013   2.33E-013        1.12        0.05
CH             3.92E-013   4.49E-013        1.15        0.06
CD             6.80E-015   8.75E-015        1.29        0.11
HD             1.98E-005   1.98E-005        1.00        0.00
CHD            8.72E-015   8.09E-015        1.08        0.03
CD2            1.60E-016   1.61E-016        0.00        0.00
CH5+           5.98E-014   4.79E-014        1.25        0.10
CH4+           7.82E-019   6.45E-019        0.00        0.08
CH3D+          4.15E-020   3.55E-020        0.00        0.07
CH4D+          4.73E-015   3.94E-015        1.20        0.08
CH2D2+         1.63E-021   1.61E-021        0.00        0.00
CH3D2+         3.04E-016   2.58E-016        0.00        0.07
CHD3+          4.89E-023   5.20E-023        0.00        0.03
CH2D3+         2.14E-017   1.89E-017        0.00        0.05
CD4+           2.37E-027   2.57E-027        0.00        0.04
CHD4+          2.53E-021   2.56E-021        0.00        0.00
CD5+           3.80E-024   0.00E+000        0.00       76.58
H2+            5.69E-015   5.69E-015        1.00        0.00
H3+            3.46E-011   3.42E-011        1.01        0.01 *
HD+            2.25E-019   2.25E-019        0.00        0.00
H2D+           1.10E-013   1.09E-013        1.01        0.01 *
D2+            1.25E-021   1.21E-021        0.00        0.02
HD2+           4.45E-016   4.28E-016        0.00        0.02 *
D3+            4.01E-018   3.84E-018        0.00        0.02 *
CH2+           4.78E-018   4.72E-018        0.00        0.01
CH3+           6.14E-014   5.43E-014        1.13        0.05
CH2D+          4.48E-015   3.89E-015        1.15        0.06
CHD+           6.09E-021   5.14E-021        0.00        0.07
CHD2+          2.00E-016   1.74E-016        0.00        0.06
CD2+           9.69E-023   9.84E-023        0.00        0.01
CD3+           8.92E-018   7.77E-018        0.00        0.06
CH+            6.86E-020   5.72E-020        0.00        0.08
CD+            9.71E-022   8.23E-022        0.00        0.07
H2O+           4.41E-015   4.40E-015        1.00        0.00
H3O+           1.91E-010   1.15E-010        1.66        0.22
H2DO+          1.66E-013   1.10E-013        1.51        0.18
HDO+           3.17E-018   3.18E-018        0.00        0.00
HD2O+          2.00E-016   1.19E-016        0.00        0.23
D2O+           3.78E-021   3.69E-021        0.00        0.01
D3O+           1.13E-018   7.72E-019        0.00        0.17
OH+            2.28E-015   2.28E-015        1.00        0.00
OD+            1.31E-018   1.31E-018        0.00        0.00
E-             9.23E-009   1.52E-008        1.65        0.22
OH             1.96E-009   1.91E-009        1.02        0.01 *
OD             7.22E-013   7.71E-013        1.07        0.03 *
O              2.03E-005   2.07E-005        1.02        0.01
CO             7.29E-005   7.29E-005        1.00        0.00 *
C2H+           4.33E-021   5.27E-021        0.00        0.09
C2H2+          3.18E-017   2.65E-017        0.00        0.08
C2HD+          1.12E-018   9.47E-019        0.00        0.07
C2D+           2.11E-023   3.23E-023        0.00        0.19
C2D2+          1.78E-020   1.71E-020        0.00        0.02
H2O            1.11E-007   1.67E-007        1.50        0.18 *
HDO            6.41E-011   1.07E-010        1.67        0.22 *
D2O            4.10E-014   6.09E-014        1.49        0.17 *
C2H3+          3.25E-014   1.67E-014        1.94        0.29
C2H2D+         1.24E-015   7.29E-016        1.70        0.23
C2HD2+         3.16E-017   2.35E-017        0.00        0.13
C2D3+          6.00E-019   4.71E-019        0.00        0.11
HCO            7.39E-013   8.24E-013        1.11        0.05
DCO            3.17E-015   2.92E-015        1.09        0.04
C              8.34E-012   8.41E-012        1.01        0.00
C2H            9.40E-013   7.93E-013        1.19        0.07
C2D            1.22E-014   1.19E-014        1.03        0.01
HCO+           6.03E-010   3.59E-010        1.68        0.22 *
DCO+           6.45E-013   3.77E-013        1.71        0.23 *
He+            4.69E-012   4.69E-012        1.00        0.00
C+             1.28E-011   1.27E-011        1.00        0.00
He             1.40E-001   1.40E-001        1.00        0.00
CH4            2.84E-008   2.36E-008        1.20        0.08
CH3D           1.82E-009   1.56E-009        1.16        0.07 *
CH2D2          9.06E-011   9.12E-011        1.01        0.00
CHD3           3.95E-012   4.31E-012        1.09        0.04
CD4            2.38E-016   2.80E-016        0.00        0.07
HOC+           9.27E-016   9.33E-016        0.00        0.00
DOC+           4.03E-019   4.04E-019        0.00        0.00
CO2            4.26E-008   3.27E-008        1.30        0.11 *
HCO2+          5.51E-014   3.06E-014        1.80        0.26
DCO2+          9.42E-017   4.82E-017        0.00        0.29
CO+            2.71E-016   2.69E-016        0.00        0.00
H+             1.82E-012   1.81E-012        1.01        0.00
D+             7.57E-021   7.43E-021        0.00        0.01
CO2+           5.09E-020   3.91E-020        0.00        0.11
O+             6.35E-016   6.31E-016        0.00        0.00
O2             4.12E-005   4.11E-005        1.00        0.00 *
C3H2+          9.23E-017   8.22E-017        0.00        0.05
C3HD+          7.11E-019   9.72E-020        0.00        0.86
H2C3H+         3.96E-016   3.93E-016        0.00        0.00
C2H2           1.91E-010   2.38E-010        1.25        0.10
HDC3H+         3.58E-018   8.79E-019        0.00        0.61
C2HD           4.73E-012   7.48E-012        1.58        0.20
H2C3D+         1.78E-018   4.50E-019        0.00        0.60
H2CO+          2.98E-015   1.75E-015        1.71        0.23
HDCO+          1.46E-016   9.08E-017        0.00        0.21
D2CO+          4.29E-018   2.36E-018        0.00        0.26
Na             1.51E-010   3.32E-010        2.21        0.34
Na+            2.85E-009   2.67E-009        1.07        0.03
N              1.27E-007   1.51E-007        1.19        0.08
NO             5.87E-008   6.25E-008        1.06        0.03
H2O2           4.09E-066   2.73E-066        0.00        0.18 *
HDO2           1.53E-067   1.08E-067        0.00        0.15 *
D2O2           0.00E+000   0.00E+000        0.00        -Inf
H2CO           1.92E-013   2.30E-013        1.20        0.08 *
O2H            1.20E-010   6.66E-011        1.80        0.26
HDCO           6.36E-015   8.12E-015        1.28        0.11 *
O2D            2.86E-012   1.69E-012        1.70        0.23
NH             4.64E-011   6.30E-011        1.36        0.13
ND             4.44E-014   6.10E-014        1.37        0.14
N2O            6.38E-010   8.55E-010        1.34        0.13
N2             1.06E-005   1.06E-005        1.00        0.00
HPO+           3.96E-014   9.93E-015        3.99        0.60
PH+            9.83E-015   3.32E-015        2.96        0.47
CH3OH          6.15E-015   1.20E-014        1.96        0.29 *
CH3OH2+        1.88E-017   1.80E-017        0.00        0.02
CH2DOH2+       2.67E-018   2.91E-018        0.00        0.04
CH3OHD+        4.89E-020   6.27E-020        0.00        0.11
CH2DOH         3.03E-016   8.65E-016        0.00        0.46 *
CH3OD          1.01E-016   2.89E-016        0.00        0.46 *
CHD2OH2+       1.78E-019   3.54E-019        0.00        0.30
CH2DOHD+       3.54E-021   9.92E-021        0.00        0.45
CH3OD2+        2.29E-022   6.95E-022        0.00        0.48
CHD2OH         3.76E-017   1.41E-016        0.00        0.58 *
CH2DOD         3.76E-017   1.41E-016        0.00        0.58 *
CD3OH2+        1.05E-020   2.44E-020        0.00        0.36
CHD2OHD+       1.73E-022   4.63E-022        0.00        0.43
CH2DOD2+       2.03E-023   6.26E-023        0.00        0.49
CD3OH          4.42E-019   2.30E-018        0.00        0.72 *
CHD2OD         1.32E-018   6.89E-018        0.00        0.72 *
CD3OHD+        7.61E-024   9.23E-024        0.00        0.08
CHD2OD2+       1.31E-025   1.48E-025        0.00        0.05
CD3OD          6.71E-022   2.80E-021        0.00        0.62
CD3OD2+        4.87E-027   0.00E+000        0.00       73.69
CH3            1.43E-013   1.72E-013        1.20        0.08
CH2D           6.94E-015   8.90E-015        1.28        0.11
CHD2           2.37E-016   2.94E-016        0.00        0.09
D2CO           1.13E-016   1.40E-016        0.00        0.09 *
CD3            5.05E-018   6.63E-018        0.00        0.12
H3CO+          1.42E-015   7.36E-016        1.93        0.29
H2DCO+         9.03E-017   5.33E-017        0.00        0.23
HD2CO+         3.71E-018   2.52E-018        0.00        0.17
D3CO+          1.48E-019   7.84E-020        0.00        0.28
CH3CHO         1.33E-013   1.56E-013        1.18        0.07
CH2DCHO        5.81E-015   1.17E-014        2.02        0.31
CH3CDO         1.94E-015   3.10E-015        1.60        0.20
CHD2CHO        7.08E-016   1.31E-015        0.00        0.27
CH2DCDO        7.08E-016   1.31E-015        0.00        0.27
CD3CHO         2.41E-019   1.21E-019        0.00        0.30
CHD2CDO        7.22E-019   3.62E-019        0.00        0.30
CD3CDO         1.32E-021   0.00E+000        0.00       79.12
OH-            2.82E-014   4.38E-014        1.55        0.19
OD-            4.15E-018   0.00E+000        0.00       82.62
C2H5+          5.60E-016   3.41E-016        0.00        0.22
C2H4D+         4.31E-017   3.36E-017        0.00        0.11
C2H3D2+        1.21E-018   1.05E-018        0.00        0.06
C2H2D3+        4.54E-020   3.92E-020        0.00        0.06
C2HD4+         9.16E-022   6.45E-022        0.00        0.15
C2D5+          8.46E-024   0.00E+000        0.00       76.93
NH3            1.43E-008   1.99E-008        1.39        0.14 *
NH4+           3.18E-012   1.71E-012        1.87        0.27
NH2D           1.39E-011   2.77E-011        2.00        0.30 *
NH3D+          4.12E-015   3.12E-015        1.32        0.12
NHD2           1.05E-014   2.31E-014        2.19        0.34 !
NH2D2+         4.67E-018   3.90E-018        0.00        0.08
ND3            1.38E-017   4.16E-017        0.00        0.48 *
NHD3+          1.23E-020   1.42E-020        0.00        0.06
ND4+           4.13E-024   4.79E-024        0.00        0.06
NH2+           3.05E-016   3.06E-016        0.00        0.00
NHD+           1.42E-020   1.62E-020        0.00        0.06
ND2+           2.33E-023   2.31E-023        0.00        0.00
H2NC+          1.75E-013   1.47E-013        1.19        0.08
HDNC+          1.19E-016   1.40E-016        0.00        0.07
D2NC+          1.87E-019   1.47E-019        0.00        0.10
NH3+           1.06E-012   9.56E-013        1.11        0.05
NH2D+          1.33E-016   1.50E-016        0.00        0.05
NHD2+          2.00E-019   2.05E-019        0.00        0.01
ND3+           6.89E-023   1.18E-022        0.00        0.23
CH4N+          3.84E-016   2.86E-016        0.00        0.13
CH3DN+         1.92E-017   2.07E-017        0.00        0.03
CH2D2N+        5.34E-019   5.20E-019        0.00        0.01
CHD3N+         1.12E-020   0.00E+000        0.00       80.05
CD4N+          3.61E-024   0.00E+000        0.00       76.56
Mg             2.37E-010   5.26E-010        2.22        0.35
Mg+            2.76E-009   2.47E-009        1.12        0.05
CH3CN          5.42E-014   1.47E-013        2.71        0.43
CH3CNH+        1.53E-016   1.59E-016        0.00        0.02
CH2DCNH+       1.94E-018   2.02E-018        0.00        0.02
CH3CND+        6.46E-019   6.73E-019        0.00        0.02
CH2DCN         1.94E-015   4.66E-015        2.40        0.38
CHD2CNH+       4.07E-020   4.85E-020        0.00        0.08
CH2DCND+       4.07E-020   4.85E-020        0.00        0.08
CHD2CN         1.41E-016   3.06E-016        0.00        0.34
CD3CNH+        8.11E-022   8.86E-022        0.00        0.04
CHD2CND+       2.43E-021   2.66E-021        0.00        0.04
CD3CN          2.66E-018   5.31E-018        0.00        0.30
CD3CND+        3.06E-024   0.00E+000        0.00       76.49
CN             3.24E-013   4.41E-013        1.36        0.13
CN+            8.17E-021   1.53E-020        0.00        0.27
CH3CN+         1.36E-021   2.31E-021        0.00        0.23
CH2DCN+        1.14E-023   1.59E-023        0.00        0.14
CHD2CN+        1.02E-025   1.27E-025        0.00        0.09
CD3CN+         4.71E-028   0.00E+000        0.00       72.67
HCN            1.06E-010   2.20E-010        2.07        0.32 !
HCNH+          2.63E-013   2.14E-013        1.23        0.09
DCNH+          1.99E-016   1.69E-016        0.00        0.07
HCND+          1.99E-016   1.68E-016        0.00        0.07
DCN            1.02E-013   2.19E-013        2.14        0.33 !
DCND+          8.54E-020   9.72E-020        0.00        0.06
CNC+           1.41E-015   1.78E-015        1.26        0.10
HCN+           8.63E-020   1.27E-019        0.00        0.17
DCN+           2.61E-023   5.17E-023        0.00        0.30
C4H2+          1.86E-017   1.37E-017        0.00        0.13
C3H+           4.79E-019   5.94E-019        0.00        0.09
C6H2+          1.03E-021   1.35E-021        0.00        0.12
C5H+           6.62E-020   6.40E-020        0.00        0.01
HNC            1.99E-010   4.20E-010        2.12        0.33 !
DNC            1.12E-013   2.71E-013        2.42        0.38 !
C2N+           2.78E-015   3.55E-015        1.28        0.11
HN2+           7.63E-012   6.43E-012        1.19        0.07 *
DN2+           7.77E-015   6.55E-015        1.19        0.07 *
S              6.79E-009   7.06E-009        1.04        0.02
HS+            1.17E-013   7.40E-014        1.59        0.20
DS+            1.25E-016   7.83E-017        0.00        0.20
N2+            3.18E-017   3.18E-017        0.00        0.00
H2S            1.38E-011   1.30E-011        1.06        0.03 *
H3S+           1.28E-014   4.77E-015        2.68        0.43
H2DS+          1.84E-017   6.91E-018        0.00        0.43
HDS            1.32E-014   1.25E-014        1.06        0.02 *
HD2S+          1.06E-020   5.34E-021        0.00        0.30
D2S            3.83E-018   5.25E-018        0.00        0.14
D3S+           1.42E-023   7.02E-024        0.00        0.30
S+             1.49E-012   9.49E-013        1.57        0.20
HCS+           7.73E-015   4.10E-015        1.89        0.28
DCS+           6.41E-018   3.15E-018        0.00        0.31
H2S+           7.41E-016   3.71E-016        0.00        0.30
HDS+           2.35E-019   1.07E-019        0.00        0.34
D2S+           1.87E-022   9.37E-023        0.00        0.30
H3CS+          2.45E-015   7.86E-016        3.12        0.49
H2DCS+         9.12E-017   3.00E-017        0.00        0.48
HD2CS+         2.16E-018   1.02E-018        0.00        0.33
D3CS+          4.22E-020   1.77E-020        0.00        0.38
HF             2.00E-008   2.00E-008        1.00        0.00
F+             5.03E-018   5.04E-018        0.00        0.00
DF             6.82E-012   6.82E-012        1.00        0.00
H2F+           1.35E-012   8.06E-013        1.67        0.22
HDF+           2.28E-015   1.36E-015        1.67        0.22
D2F+           3.07E-018   1.79E-018        0.00        0.23
CF+            2.24E-012   1.35E-012        1.66        0.22
F              1.00E-012   9.93E-013        1.01        0.01
C3             3.23E-013   6.98E-013        2.16        0.33
C2N            2.30E-014   2.03E-014        1.13        0.05
C3H2           2.15E-012   5.97E-012        2.78        0.44
C4H            4.94E-016   5.79E-016        0.00        0.07
C3HD           1.41E-014   9.93E-015        1.42        0.15
C4D            3.98E-015   3.25E-015        1.23        0.09
C3H3+          5.15E-016   5.41E-016        0.00        0.02
C3H2D+         2.27E-018   5.17E-019        0.00        0.64
C3HD2+         5.95E-022   2.45E-022        0.00        0.38
C3D2           7.49E-017   1.28E-016        0.00        0.23
C3D3+          1.18E-024   0.00E+000        0.00       76.07
C2H3           6.77E-016   6.73E-016        0.00        0.00
C2H2D          2.99E-017   3.65E-017        0.00        0.09
C2HD2          3.97E-019   5.72E-019        0.00        0.16
C2D3           4.42E-021   6.17E-021        0.00        0.15
HCOOH          7.10E-010   5.71E-010        1.24        0.09 *
DCOOH          3.32E-012   1.76E-012        1.88        0.28 *
HCOOD          3.32E-012   1.76E-012        1.88        0.28 *
DCOOD          1.07E-013   0.00E+000    ********       87.03
HCOOH2+        3.30E-013   1.06E-013        3.11        0.49
DCOOH2+        2.46E-016   8.07E-017        0.00        0.48
HCOOHD+        4.92E-016   1.61E-016        0.00        0.48
DCOOHD+        1.55E-017   0.00E+000        0.00       83.19
HCOOD2+        7.74E-018   0.00E+000        0.00       82.89
DCOOD2+        4.75E-019   6.03E-016        0.00        3.10
HeH+           1.38E-016   1.38E-016        0.00        0.00
HeD+           2.76E-021   2.76E-021        0.00        0.00
C2H4+          2.54E-016   1.55E-016        0.00        0.21
C2H3D+         1.32E-017   8.42E-018        0.00        0.20
C2H2D2+        1.66E-019   1.58E-019        0.00        0.02
C2HD3+         7.41E-022   9.16E-022        0.00        0.09
C2D4+          4.71E-024   0.00E+000        0.00       76.67
C2+            2.77E-021   3.39E-021        0.00        0.09
O2+            3.41E-011   2.06E-011        1.66        0.22
C3+            7.85E-022   1.02E-022        0.00        0.89
C3D2+          5.98E-023   1.42E-012        0.00       10.38
C3D+           5.79E-021   9.22E-022        0.00        0.80
C2D2           2.61E-013   3.92E-013        1.50        0.18
C2O            6.43E-015   3.31E-015        1.94        0.29
C2             1.53E-014   1.83E-014        1.20        0.08
Fe             2.92E-010   5.91E-010        2.02        0.31
Fe+            2.71E-009   2.41E-009        1.12        0.05
C4H+           2.08E-021   2.28E-021        0.00        0.04
C4D+           3.13E-024   3.38E-025        0.00        0.97
C4+            6.88E-022   6.28E-024        0.00        2.04
C4HD+          3.26E-020   2.10E-021        0.00        1.19
D2C3H+         6.10E-020   1.21E-016        0.00        3.30
HDC3D+         1.22E-019   8.85E-013        0.00        6.86
D2C3D+         2.57E-021   3.96E-016        0.00        5.19
C3H            3.50E-015   5.28E-015        1.51        0.18
C3D            1.95E-017   2.01E-017        0.00        0.01
CH3CHOH+       2.78E-016   1.25E-016        0.00        0.35
CH2DCHOH+      3.71E-018   2.45E-018        0.00        0.18
CH3CDOH+       1.24E-018   1.03E-018        0.00        0.08
CH3CHOD+       1.24E-018   1.11E-018        0.00        0.05
CHD2CHOH+      9.07E-020   6.08E-020        0.00        0.17
CH2DCDOH+      9.07E-020   6.07E-020        0.00        0.17
CH2DCHOD+      9.07E-020   6.07E-020        0.00        0.17
CH3CDOD+       3.02E-020   0.00E+000        0.00       80.48
CD3CHOH+       2.95E-023   0.00E+000        0.00       77.47
CHD2CDOH+      8.84E-023   0.00E+000        0.00       77.95
CHD2CHOD+      8.84E-023   0.00E+000        0.00       77.95
CH2DCDOD+      8.84E-023   0.00E+000        0.00       77.95
CD3CDOH+       1.56E-025   0.00E+000        0.00       75.19
CD3CHOD+       1.56E-025   0.00E+000        0.00       75.19
CHD2CDOD+      4.66E-025   0.00E+000        0.00       75.67
CD3CDOD+       5.25E-027   0.00E+000        0.00       73.72
H-             6.40E-014   6.37E-014        1.00        0.00
C-             2.11E-021   3.53E-021        0.00        0.22
NH+            6.38E-017   6.39E-017        0.00        0.00
ND+            1.29E-021   1.53E-021        0.00        0.07
D-             1.52E-018   1.53E-018        0.00        0.00
N+             5.26E-016   5.26E-016        0.00        0.00
PH             8.21E-013   5.36E-013        1.53        0.19
P              4.46E-010   2.94E-010        1.52        0.18
P+             2.00E-015   1.74E-015        1.15        0.06
PO+            1.18E-013   2.86E-014        4.12        0.62
O-             7.71E-019   1.29E-018        0.00        0.23
NH2            2.53E-011   2.34E-011        1.08        0.03
NHD            1.49E-014   1.92E-014        1.29        0.11
ND2            5.75E-018   8.49E-018        0.00        0.17
CH2CN          1.19E-012   2.06E-012        1.73        0.24
CHDCN          1.07E-014   1.85E-014        1.73        0.24
CD2CN          1.53E-016   3.28E-016        0.00        0.33
C5+            7.60E-026   2.46E-026        0.00        0.49
C6             8.64E-021   1.88E-020        0.00        0.34
C6H            1.81E-019   2.84E-019        0.00        0.20
C7+            1.38E-026   2.96E-026        0.00        0.33
C7H+           1.26E-022   1.71E-022        0.00        0.13
C5H            3.77E-018   5.40E-018        0.00        0.16
C6H+           5.27E-023   1.12E-022        0.00        0.33
C6+            7.53E-025   1.68E-024        0.00        0.35
C4             2.87E-019   2.73E-019        0.00        0.02
CS+            2.31E-019   2.22E-019        0.00        0.02
SO+            5.71E-013   2.63E-013        2.17        0.34
NO+            3.81E-013   1.90E-013        2.01        0.30
HS             1.59E-012   9.43E-013        1.69        0.23
DS             8.03E-016   4.75E-016        0.00        0.23
H2S2+          2.84E-017   6.85E-018        0.00        0.62
HDS2+          3.51E-020   8.51E-021        0.00        0.62
D2S2+          6.15E-024   2.00E-024        0.00        0.49
Si             2.65E-013   1.69E-013        1.57        0.20
Si+            2.15E-013   1.90E-013        1.13        0.05
CS             5.58E-011   7.43E-011        1.33        0.12
NS+            8.77E-016   5.19E-016        0.00        0.23
H2CS           8.66E-012   7.10E-012        1.22        0.09
HDCS           2.18E-013   1.83E-013        1.19        0.08
D2CS           1.57E-014   1.34E-014        1.17        0.07
HF+            1.47E-018   1.47E-018        0.00        0.00
DF+            2.94E-023   0.00E+000        0.00       77.47
C2NH+          1.48E-016   6.28E-017        0.00        0.37
C2ND+          1.79E-018   0.00E+000        0.00       82.25
H2CN           3.39E-016   4.80E-016        0.00        0.15
HDCN           1.12E-017   1.68E-017        0.00        0.18
D2CN           1.97E-019   2.87E-019        0.00        0.16
C5             3.69E-016   8.98E-016        0.00        0.39
CH2CO          2.60E-012   3.91E-012        1.50        0.18
CHDCO          2.12E-013   3.13E-013        1.48        0.17
CD2CO          2.21E-014   2.36E-014        1.07        0.03
HC2O+          5.10E-015   1.62E-015        3.14        0.50
DC2O+          6.64E-017   2.44E-017        0.00        0.43
PO             2.79E-010   1.62E-010        1.72        0.24
CP             2.87E-016   1.18E-016        0.00        0.39
PH2+           6.22E-017   2.03E-017        0.00        0.49
HNO            2.31E-011   2.14E-011        1.08        0.03
DNO            6.80E-015   8.77E-015        1.29        0.11
HC3N           5.54E-014   5.82E-014        1.05        0.02
DC3N           3.99E-015   3.66E-015        1.09        0.04
C7             2.07E-018   7.13E-018        0.00        0.54
C8+            1.28E-026   3.98E-026        0.00        0.49
C5H2+          8.78E-021   2.38E-021        0.00        0.57
NS             2.30E-014   2.57E-014        1.12        0.05
HS2            2.61E-014   1.73E-014        1.51        0.18
DS2            1.55E-017   1.05E-017        0.00        0.17
SiH+           2.61E-017   8.65E-018        0.00        0.48
SiOH+          9.94E-013   3.76E-013        2.64        0.42
SiCH2+         1.48E-020   1.16E-020        0.00        0.10
SiO+           2.80E-019   2.74E-019        0.00        0.01
HCSi+          5.35E-025   5.31E-025        0.00        0.00
SiC+           3.67E-025   4.04E-025        0.00        0.04
HCS            1.53E-016   1.27E-016        0.00        0.08
DCS            2.16E-018   1.94E-018        0.00        0.05
OCN            1.98E-012   2.64E-012        1.33        0.13
C2H5           1.97E-020   0.00E+000        0.00       80.29
C2H4D          2.43E-021   3.19E-020        0.00        1.12
C2H3D2         9.67E-022   4.50E-021        0.00        0.67
C2H2D3         1.67E-023   1.17E-022        0.00        0.85
C2HD4          5.75E-026   0.00E+000        0.00       74.76
C2D5           1.76E-029   0.00E+000        0.00       71.25
CH3CO+         1.14E-015   6.26E-016        1.82        0.26
CH2DCO+        4.04E-017   2.20E-017        0.00        0.27
CHD2CO+        1.41E-018   7.53E-019        0.00        0.27
CD3CO+         5.92E-020   0.00E+000        0.00       80.77
PN             2.27E-009   2.54E-009        1.12        0.05
HCP+           5.02E-024   3.14E-024        0.00        0.20
PCH2+          4.64E-017   1.35E-017        0.00        0.54
PCH4+          1.28E-018   2.16E-019        0.00        0.77
NO2            5.32E-010   4.35E-010        1.22        0.09
HC3NH+         1.25E-017   5.02E-018        0.00        0.40
DC3NH+         2.16E-020   0.00E+000        0.00       80.33
HC3ND+         2.16E-020   4.44E-020        0.00        0.31
CH3C3NH+       7.95E-021   1.18E-022        0.00        1.83
C8H+           6.81E-029   1.87E-028        0.00        0.44
C7H2+          3.43E-025   1.12E-025        0.00        0.48
C4H3+          5.78E-018   3.52E-018        0.00        0.21
H3S2+          3.16E-018   9.51E-019        0.00        0.52
H2DS2+         3.50E-021   1.03E-021        0.00        0.53
HD2S2+         9.17E-025   3.92E-025        0.00        0.37
D3S2+          1.27E-027   5.10E-028        0.00        0.40
SiO            2.98E-009   2.95E-009        1.01        0.00
SiH3+          1.56E-019   3.97E-020        0.00        0.59
SiH            2.17E-017   2.35E-017        0.00        0.04
SiN+           4.01E-018   5.23E-018        0.00        0.12
OCS            2.50E-010   3.54E-010        1.42        0.15
H2CS+          1.93E-017   8.68E-018        0.00        0.35
HDCS+          3.84E-019   1.85E-019        0.00        0.32
D2CS+          8.13E-021   4.17E-021        0.00        0.29
CH3CCH         1.21E-013   0.00E+000    ********       87.08
CH2DCCH        9.46E-015   5.53E-021    ********        6.23
CH3CCD         3.15E-015   0.00E+000    ********       85.50
CHD2CCH        4.95E-016   1.02E-020        0.00        4.69
CH2DCCD        4.95E-016   1.02E-020        0.00        4.69
CD3CCH         5.08E-018   0.00E+000        0.00       82.71
CHD2CCD        1.52E-017   2.38E-022        0.00        4.81
CD3CCD         1.45E-019   0.00E+000        0.00       81.16
C2H5OH         5.95E-016   0.00E+000        0.00       84.77
C2H4DOH        6.09E-017   8.90E-016        0.00        1.17
C2H5OD         1.22E-017   0.00E+000        0.00       83.09
C2H3D2OH       3.93E-017   1.17E-016        0.00        0.48
C2H4DOD        1.96E-017   5.87E-017        0.00        0.48
C2H2D3OH       6.93E-019   2.54E-018        0.00        0.56
C2H3D2OD       6.93E-019   2.54E-018        0.00        0.56
C2HD4OH        2.43E-021   0.00E+000        0.00       79.39
C2H2D3OD       4.87E-021   0.00E+000        0.00       79.69
C2D5OH         7.55E-025   0.00E+000        0.00       75.88
C2HD4OD        3.77E-024   0.00E+000        0.00       76.58
C2H5OH+        8.43E-021   0.00E+000        0.00       79.93
C2H4DOH+       8.69E-022   9.23E-021        0.00        1.03
C2H5OD+        1.74E-022   0.00E+000        0.00       78.24
C2H3D2OH+      2.62E-022   1.42E-021        0.00        0.73
C2H4DOD+       1.31E-022   1.52E-022        0.00        0.06
C2H2D3OH+      4.42E-024   3.92E-023        0.00        0.95
C2H3D2OD+      4.42E-024   3.92E-023        0.00        0.95
C2HD4OH+       1.48E-026   0.00E+000        0.00       74.17
C2H2D3OD+      2.97E-026   0.00E+000        0.00       74.47
C2D5OH+        4.39E-030   0.00E+000        0.00       70.64
C2HD4OD+       2.19E-029   0.00E+000        0.00       71.34
HPN+           6.81E-013   2.83E-013        2.41        0.38
CP+            8.66E-027   3.49E-027        0.00        0.39
HCP            2.78E-013   1.86E-013        1.50        0.18
C3N            2.96E-017   3.05E-017        0.00        0.01
HC3N+          8.05E-022   4.75E-022        0.00        0.23
DC3N+          1.02E-023   9.74E-023        0.00        0.98
H3C5N+         1.19E-023   1.45E-024        0.00        0.92
CH3C3N         1.71E-017   6.06E-019        0.00        1.45
CH3C3N+        2.59E-025   0.00E+000        0.00       75.41
C7H            1.62E-021   1.79E-021        0.00        0.04
HC7N+          1.34E-027   1.49E-028        0.00        0.96
C4H2D+         4.96E-020   3.35E-020        0.00        0.17
H2CCCC         6.45E-014   1.05E-013        1.62        0.21
HDCCCC         8.72E-015   1.11E-014        1.27        0.10
HC4S+          4.63E-020   2.23E-020        0.00        0.32
H2S2           2.60E-015   2.09E-015        1.24        0.09
HDS2           1.92E-018   1.56E-018        0.00        0.09
D2S2           8.92E-022   1.10E-021        0.00        0.09
HS2+           3.62E-019   1.82E-019        0.00        0.30
DS2+           2.02E-022   9.17E-023        0.00        0.34
H2SiO+         9.35E-020   1.47E-020        0.00        0.80
SiH2           1.30E-019   5.37E-020        0.00        0.38
SiN            4.56E-015   5.45E-015        1.19        0.08
SiNC+          2.00E-017   2.51E-017        0.00        0.10
HOCS+          1.84E-014   1.00E-014        1.84        0.26
DOCS+          3.87E-018   0.00E+000        0.00       82.59
C4H3           1.84E-014   2.61E-015        7.04        0.85
C4H2D          6.76E-016   5.73E-017        0.00        1.07
C3H5+          4.93E-017   0.00E+000        0.00       83.69
C3H4D+         2.54E-018   0.00E+000        0.00       82.40
C3H3D2+        9.12E-020   0.00E+000        0.00       80.96
C3H2D3+        2.82E-021   0.00E+000        0.00       79.45
C3HD4+         4.01E-023   0.00E+000        0.00       77.60
C3D5+          2.53E-025   0.00E+000        0.00       75.40
C4H5+          5.08E-021   0.00E+000        0.00       79.71
C4H4D+         3.82E-022   0.00E+000        0.00       78.58
CCP            9.09E-018   2.12E-018        0.00        0.63
HC2P           1.05E-018   3.62E-021        0.00        2.46
C3N+           2.10E-024   2.61E-009        0.00       15.09
C5N            3.12E-020   5.74E-020        0.00        0.26
HC5N           2.56E-018   8.73E-018        0.00        0.53
C5H5+          2.19E-020   7.67E-021        0.00        0.46
H2C4N+         2.59E-025   0.00E+000        0.00       75.41
C8             7.51E-024   2.10E-023        0.00        0.45
C8H2+          9.66E-025   1.67E-024        0.00        0.24
C8H            6.67E-023   1.43E-022        0.00        0.33
H2C7N+         6.20E-025   5.87E-025        0.00        0.02
C7N+           4.27E-030   3.55E-009        0.00       20.92
C5H3+          7.48E-020   6.57E-020        0.00        0.06
C2S            3.61E-013   4.38E-013        1.21        0.08
C3S            7.90E-015   1.73E-014        2.19        0.34
C4S            5.04E-017   6.48E-017        0.00        0.11
S2             1.41E-015   8.57E-016        1.65        0.22
H2SiO          4.45E-018   1.79E-018        0.00        0.40
HCSi           2.42E-019   2.34E-019        0.00        0.01
SiH4+          7.74E-031   3.44E-031        0.00        0.35
SiC            9.76E-018   8.24E-018        0.00        0.07
SO             5.50E-009   4.92E-009        1.12        0.05
C5H2           3.98E-016   8.74E-016        0.00        0.34
C4H4+          2.01E-018   1.10E-019        0.00        1.26
C4H3D+         5.20E-021   2.43E-022        0.00        1.33
C3H3           1.89E-014   2.28E-015        8.30        0.92
C3H2D          7.01E-016   1.48E-016        0.00        0.68
C3HD2          1.77E-015   2.31E-015        1.31        0.12
C3D3           1.86E-017   3.10E-013        0.00        4.22
HC2P+          7.45E-020   4.69E-020        0.00        0.20
PC4H+          1.44E-021   0.00E+000        0.00       79.16
PC3H+          6.08E-021   0.00E+000        0.00       79.78
PC2H2+         3.64E-019   2.30E-025        0.00        6.20
C4N            8.10E-018   1.11E-017        0.00        0.14
H2C5N+         5.18E-021   6.14E-021        0.00        0.07
CH3C4H         1.11E-016   1.01E-016        0.00        0.04
HC4N+          2.57E-025   0.00E+000        0.00       75.41
CH2CHCN        2.38E-017   0.00E+000        0.00       83.38
C9H+           2.10E-026   2.72E-026        0.00        0.11
C9+            1.06E-029   2.17E-029        0.00        0.31
C9H4+          1.20E-027   7.55E-028        0.00        0.20
C9             3.48E-022   1.13E-021        0.00        0.51
C7N            1.62E-023   2.37E-023        0.00        0.17
HC7N           2.37E-021   7.05E-021        0.00        0.47
C7H3+          1.80E-023   4.46E-024        0.00        0.61
HC2S+          1.83E-016   7.94E-017        0.00        0.36
DC2S+          9.98E-019   0.00E+000        0.00       82.00
HC3S+          4.54E-018   3.81E-018        0.00        0.08
DC3S+          6.81E-021   0.00E+000        0.00       79.83
C3S+           2.55E-020   3.21E-020        0.00        0.10
C4S+           4.15E-022   2.36E-022        0.00        0.25
H3SiO+         5.42E-021   8.20E-022        0.00        0.82
SiH3           4.05E-023   1.16E-023        0.00        0.54
SiH5+          3.42E-023   6.02E-024        0.00        0.75
SiH4           1.41E-019   6.29E-020        0.00        0.35
HSO+           1.55E-012   5.40E-013        2.86        0.46
DSO+           1.65E-015   0.00E+000    ********       85.22
CH3C4H+        7.73E-021   5.00E-021        0.00        0.19
C6H3+          2.40E-021   2.15E-021        0.00        0.05
C2H4           4.37E-012   6.85E-012        1.57        0.19
C2H3D          2.80E-013   5.12E-013        1.83        0.26
C2H2D2         5.44E-014   8.96E-014        1.65        0.22
C2HD3          1.57E-015   2.65E-015        1.69        0.23
C2D4           1.00E-017   2.18E-017        0.00        0.34
CH3CCH+        7.22E-019   2.99E-020        0.00        1.38
CH2DCCH+       1.29E-020   1.53E-021        0.00        0.93
CH3CCD+        4.31E-021   0.00E+000        0.00       79.63
CHD2CCH+       1.03E-021   0.00E+000        0.00       79.01
CH2DCCD+       1.03E-021   1.18E-021        0.00        0.06
CD3CCH+        6.05E-024   0.00E+000        0.00       76.78
CHD2CCD+       1.82E-023   0.00E+000        0.00       77.26
CD3CCD+        1.19E-025   0.00E+000        0.00       75.08
C4P            1.19E-020   0.00E+000        0.00       80.08
C3P            2.10E-020   0.00E+000        0.00       80.32
HC5N+          4.22E-027   8.34E-028        0.00        0.70
C6H2           3.46E-017   7.38E-017        0.00        0.33
H4C3N+         7.58E-021   0.00E+000        0.00       79.88
H3DC3N+        1.34E-022   0.00E+000        0.00       78.13
CHDCHCN        2.23E-018   0.00E+000        0.00       82.35
CH2CDCN        1.12E-018   0.00E+000        0.00       82.05
C10+           2.34E-028   3.10E-028        0.00        0.12
H3C7N+         8.71E-027   3.51E-027        0.00        0.39
SiCH2          6.77E-017   7.29E-017        0.00        0.03
SiCH4+         1.12E-020   4.76E-021        0.00        0.37
C5N+           2.24E-027   0.00E+000        0.00       73.35
H3C3N+         1.59E-022   0.00E+000        0.00       78.20
H2DC3N+        4.81E-024   0.00E+000        0.00       76.68
C9H2+          2.65E-028   2.41E-029        0.00        1.04
SiCH3+         1.23E-020   4.94E-021        0.00        0.40
SiC2H+         1.38E-018   9.58E-019        0.00        0.16
SiC2H3+        4.96E-019   2.43E-019        0.00        0.31
SiCH3          2.22E-017   2.49E-017        0.00        0.05
SiC2H2+        4.75E-019   2.26E-019        0.00        0.32
SiC3+          3.94E-021   2.82E-021        0.00        0.15
SiC2           2.45E-017   2.06E-017        0.00        0.08
SiC2+          2.93E-025   2.29E-025        0.00        0.11
SiC3H2+        2.87E-021   1.05E-012        0.00        8.56
SiC2H          7.92E-016   1.01E-015        0.00        0.11
SiC2H2         6.11E-016   8.11E-016        0.00        0.12
SiC3H+         1.73E-019   4.76E-011        0.00        8.44
SiC4H+         9.27E-025   3.79E-015        0.00        9.61
SiC3           7.32E-019   0.00E+000        0.00       81.86
SiC3H          3.02E-018   0.00E+000        0.00       82.48
SiC4+          6.64E-023   0.00E+000        0.00       77.82
SiC4           3.85E-024   0.00E+000        0.00       76.59
CH2CN+         1.59E-017   1.66E-017        0.00        0.02
CHDCN+         1.29E-019   1.79E-019        0.00        0.14
CD2CN+         2.32E-022   5.45E-022        0.00        0.37
CN-            2.33E-017   5.12E-017        0.00        0.34
SiF+           1.33E-014   7.10E-015        1.87        0.27
CH3COCH4+      1.54E-022   0.00E+000        0.00       78.19
CH2DCOCH4+     4.74E-024   0.00E+000        0.00       76.68
CH3COCH3D+     6.33E-024   0.00E+000        0.00       76.80
PH3+           2.11E-016   4.33E-017        0.00        0.69
CH2CO+         7.90E-017   4.26E-017        0.00        0.27
CHDCO+         2.81E-018   3.39E-011        0.00        7.08
HPO            9.92E-016   3.89E-016        0.00        0.41
H2PO+          8.14E-017   2.50E-017        0.00        0.51
C4N+           2.20E-022   2.30E-022        0.00        0.02
S2+            8.68E-017   4.47E-017        0.00        0.29
PN+            1.25E-015   1.04E-015        1.20        0.08
CCP+           2.62E-019   1.05E-019        0.00        0.40
SiNH2+         1.39E-015   1.02E-015        1.36        0.13
C2S+           1.78E-023   1.90E-023        0.00        0.03
CH3COCH3       8.12E-020   0.00E+000        0.00       80.91
CH2DCOCH3      4.20E-020   0.00E+000        0.00       80.62
CH3COCH2D      4.20E-020   0.00E+000        0.00       80.62
PH2            3.02E-016   1.00E-016        0.00        0.48
CD2CO+         2.58E-020   0.00E+000        0.00       80.41
C6H4+          2.87E-022   1.54E-028        0.00        6.27
HNSi           2.78E-012   5.42E-012        1.95        0.29
HNSi+          1.71E-023   3.16E-023        0.00        0.27
CH3COCH3+      7.84E-016   0.00E+000        0.00       84.89
CH2DCOCH3+     2.88E-017   0.00E+000        0.00       83.46
CH3COCH2D+     2.88E-017   0.00E+000        0.00       83.46
CH2PH          5.31E-018   1.46E-018        0.00        0.56
CH2NH2+        3.94E-016   3.75E-016        0.00        0.02
CHDNH2+        2.18E-018   2.77E-018        0.00        0.10
CH2NHD+        2.18E-018   2.42E-018        0.00        0.05
CH3CHO+        1.52E-018   1.08E-018        0.00        0.15
CH2DCHO+       6.45E-020   6.01E-020        0.00        0.03
CH3CDO+        2.16E-020   8.26E-015        0.00        5.58
NCCN           7.45E-015   2.04E-014        2.74        0.44
C2O+           3.39E-020   1.05E-020        0.00        0.51
H2NO+          7.99E-016   4.53E-016        0.00        0.25
HDNO+          1.02E-018   5.76E-019        0.00        0.25
D2NO+          1.38E-021   7.63E-022        0.00        0.26
SiH2+          1.29E-017   8.72E-018        0.00        0.17
OCS+           8.03E-016   6.43E-016        0.00        0.10
H2CCC          1.08E-015   1.73E-015        1.60        0.20
CD2NH2+        1.98E-022   5.06E-022        0.00        0.41
CHDNHD+        7.92E-022   1.42E-021        0.00        0.25
CH2ND2+        1.98E-022   0.00E+000        0.00       78.30
CD2NHD+        4.13E-025   0.00E+000        0.00       75.62
CHDND2+        4.13E-025   0.00E+000        0.00       75.62
CD2ND2+        5.97E-028   0.00E+000        0.00       72.78
CH2NH          1.37E-012   3.61E-012        2.63        0.42
CHDNH          1.01E-014   3.14E-014        3.12        0.49
CH2ND          5.03E-015   1.57E-014        3.12        0.49
CD2NH          9.48E-018   4.26E-017        0.00        0.65
CHDND          1.89E-017   8.50E-017        0.00        0.65
CD2ND          1.10E-020   0.00E+000        0.00       80.04
CHD2CHO+       2.53E-021   1.35E-020        0.00        0.73
CH2DCDO+       2.53E-021   2.48E-014        0.00        6.99
CD3CHO+        7.47E-025   2.05E-018        0.00        6.44
CHD2CDO+       2.24E-024   1.67E-017        0.00        6.87
CD3CDO+        3.46E-027   0.00E+000        0.00       73.54
NCCNH+         4.84E-019   5.15E-019        0.00        0.03
NCCND+         5.64E-023   0.00E+000        0.00       77.75
C2H5OH2+       8.41E-019   0.00E+000        0.00       81.92
C2H4DOH2+      2.83E-020   1.36E-019        0.00        0.68
C2H5OHD+       1.13E-020   3.90E-020        0.00        0.54
C2H3D2OH2+     2.65E-021   4.42E-021        0.00        0.22
C2H4DOHD+      2.65E-021   4.42E-021        0.00        0.22
C2H5OD2+       2.65E-022   0.00E+000        0.00       78.42
C2H2D3OH2+     4.72E-023   9.82E-023        0.00        0.32
C2H3D2OHD+     9.42E-023   1.96E-022        0.00        0.32
C2H4DOD2+      2.36E-023   0.00E+000        0.00       77.37
C2HD4OH2+      1.67E-025   0.00E+000        0.00       75.22
C2H2D3OHD+     6.66E-025   0.00E+000        0.00       75.82
C2H3D2OD2+     3.34E-025   0.00E+000        0.00       75.52
C2D5OH2+       5.17E-029   0.00E+000        0.00       71.71
C2HD4OHD+      5.17E-028   0.00E+000        0.00       72.71
C2H2D3OD2+     5.17E-028   0.00E+000        0.00       72.71
HDCCC          1.01E-017   3.92E-018        0.00        0.41
D2CCC          3.70E-013   0.00E+000    ********       87.57
NH2CN          1.52E-012   4.64E-012        3.04        0.48
NHDCN          1.09E-014   3.08E-014        2.83        0.45
ND2CN          6.58E-018   2.74E-017        0.00        0.62
HNS+           6.46E-018   2.84E-018        0.00        0.36
DNS+           6.76E-021   0.00E+000        0.00       79.83
C9H2           3.85E-023   2.31E-023        0.00        0.22
NH2CNH+        2.15E-016   2.45E-016        0.00        0.06
NHDCNH+        4.84E-020   8.37E-020        0.00        0.24
NH2CND+        2.42E-020   5.02E-020        0.00        0.32
ND2CNH+        4.70E-023   8.48E-023        0.00        0.26
NHDCND+        9.41E-023   1.51E-022        0.00        0.20
ND2CND+        2.63E-025   0.00E+000        0.00       75.42
HN2O+          4.55E-015   2.62E-015        1.74        0.24
DN2O+          1.42E-018   0.00E+000        0.00       82.15
N2O+           3.77E-015   3.34E-015        1.13        0.05
C7H5+          4.85E-024   2.82E-024        0.00        0.24
C9H3+          7.74E-027   1.01E-027        0.00        0.89
C7H2           1.02E-019   1.02E-019        0.00        0.00
CH3C6H         2.01E-020   3.09E-020        0.00        0.19
C6H6           1.66E-019   0.00E+000        0.00       81.22
C9H            5.32E-025   3.79E-025        0.00        0.15
C8H2           5.64E-021   1.17E-020        0.00        0.32
H3C9N+         7.50E-031   0.00E+000        0.00       69.87
C6H6+          4.77E-023   0.00E+000        0.00       77.68
C6H7+          2.05E-023   0.00E+000        0.00       77.31
C10            4.37E-031   3.08E-031        0.00        0.15
C8H3+          4.27E-025   2.91E-025        0.00        0.17
C9N            3.24E-027   3.77E-027        0.00        0.07
HC9N           3.40E-025   9.96E-025        0.00        0.47
CH3C7NH+       8.60E-030   0.00E+000        0.00       70.93
C6H5+          7.93E-027   6.94E-012        0.00       14.94
H2C9N+         9.68E-029   8.48E-029        0.00        0.06
HC9N+          2.25E-031   2.14E-032        0.00        1.02
HNO+           1.65E-013   1.31E-013        1.26        0.10
DNO+           1.61E-016   1.29E-016        0.00        0.10
S-             1.22E-017   2.10E-017        0.00        0.24
C3O            3.36E-012   3.19E-014      105.44        2.02
SO2            7.38E-009   7.58E-009        1.03        0.01
PCH3+          2.16E-017   3.67E-018        0.00        0.77
HSO2+          1.08E-013   6.46E-014        1.68        0.22
DSO2+          9.07E-017   0.00E+000        0.00       83.96
CH3C6H+        2.49E-024   2.15E-027        0.00        3.06
HC3O+          1.79E-015   6.64E-018      269.46        2.43
DC3O+          8.92E-020   0.00E+000        0.00       80.95
H3C3O+         6.16E-017   0.00E+000        0.00       83.79
H2DC3O+        2.35E-018   0.00E+000        0.00       82.37
SO2+           9.06E-018   7.77E-018        0.00        0.07
CH3CH3         1.15E-019   0.00E+000        0.00       81.06
CH2DCH3        2.85E-020   0.00E+000        0.00       80.45
CH3CH2D        2.85E-020   0.00E+000        0.00       80.45
C8H5+          0.00E+000   0.00E+000        0.00        -Inf
CHD2CH3        1.16E-025   0.00E+000        0.00       75.06
CH2DCH2D       3.48E-025   0.00E+000        0.00       75.54
CH3CHD2        1.16E-025   0.00E+000        0.00       75.06
CD3CH3         5.38E-028   0.00E+000        0.00       72.73
CHD2CH2D       4.84E-027   0.00E+000        0.00       73.68
CH2DCHD2       4.84E-027   0.00E+000        0.00       73.68
CH3CD3         5.38E-028   0.00E+000        0.00       72.73
CD3CH2D        3.77E-029   0.00E+000        0.00       71.58
CHD2CHD2       1.13E-028   0.00E+000        0.00       72.05
CH2DCD3        3.77E-029   0.00E+000        0.00       71.58
CD3CHD2        5.22E-033   0.00E+000        0.00       67.72
CHD2CD3        5.22E-033   0.00E+000        0.00       67.72
CH3CH3+        2.42E-024   0.00E+000        0.00       76.38
CH2DCH3+       1.78E-025   0.00E+000        0.00       75.25
CH3CH2D+       1.78E-025   0.00E+000        0.00       75.25
CHD2CH3+       6.66E-028   0.00E+000        0.00       72.82
CH2DCH2D+      2.00E-027   0.00E+000        0.00       73.30
CH3CHD2+       6.66E-028   0.00E+000        0.00       72.82
CD3CH3+        2.23E-030   0.00E+000        0.00       70.35
CHD2CH2D+      2.01E-029   0.00E+000        0.00       71.30
CH2DCHD2+      2.01E-029   0.00E+000        0.00       71.30
CH3CD3+        2.23E-030   0.00E+000        0.00       70.35
CD3CH2D+       3.34E-032   0.00E+000        0.00       68.52
CHD2CHD2+      1.00E-031   0.00E+000        0.00       69.00
CH2DCD3+       3.34E-032   0.00E+000        0.00       68.52
CD3CHD2+       1.76E-034   0.00E+000        0.00       66.25
CHD2CD3+       1.76E-034   0.00E+000        0.00       66.25
C2H7+          1.22E-024   0.00E+000        0.00       76.09
C2H6D+         6.04E-025   0.00E+000        0.00       75.78
C2H5D2+        2.22E-029   0.00E+000        0.00       71.35
C2H4D3+        8.25E-031   0.00E+000        0.00       69.92
C2H3D4+        2.26E-032   0.00E+000        0.00       68.35
C2H2D5+        1.28E-036   0.00E+000        0.00       64.11
PC2H3+         8.78E-021   8.01E-022        0.00        1.04
SiNCH+         2.95E-022   4.67E-022        0.00        0.20
CH3C5NH+       9.32E-027   0.00E+000        0.00       73.97
C9N+           7.09E-034   8.80E-010        0.00       24.09
C3O+           1.25E-022   3.54E-025        0.00        2.55
CH3C5N         1.92E-023   0.00E+000        0.00       77.28
CH3C7N         1.75E-026   0.00E+000        0.00       74.24
C8H4+          5.52E-026   0.00E+000        0.00       74.74
SiNC           4.83E-021   1.13E-018        0.00        2.37
SiS+           5.43E-018   5.10E-018        0.00        0.03
SiS            1.46E-017   1.54E-017        0.00        0.02
HSiS+          2.51E-020   1.06E-020        0.00        0.38
CH3OH+         5.72E-020   4.99E-020        0.00        0.06
CH2DOH+        2.80E-021   3.57E-021        0.00        0.11
CH3OD+         9.34E-022   1.18E-021        0.00        0.10
CHD2OH+        1.12E-022   2.56E-022        0.00        0.36
CH2DOD+        1.12E-022   2.56E-022        0.00        0.36
CD3OH+         1.28E-024   0.00E+000        0.00       76.11
CHD2OD+        3.85E-024   1.21E-023        0.00        0.50
CD3OD+         1.90E-027   0.00E+000        0.00       73.28
O2H+           5.64E-016   5.54E-016        0.00        0.01
O2D+           5.99E-019   5.89E-019        0.00        0.01
C4P+           7.83E-027   0.00E+000        0.00       73.89
SiO2           1.80E-011   0.00E+000    ********       89.26
HSiO2+         3.39E-015   0.00E+000    ********       85.53
NO2+           2.21E-019   0.00E+000        0.00       81.34
N2H+           0.00E+000   0.00E+000        0.00        -Inf
N2D+           0.00E+000   0.00E+000        0.00        -Inf
