H              1.51E-006   1.52E-006        1.00        0.00 *
H2             5.00E-001   5.00E-001        1.00        0.00
D              2.40E-008   2.44E-008        1.02        0.01 *
D2             4.65E-006   4.76E-006        1.03        0.01
CH2            3.23E-013   2.87E-013        1.12        0.05
CH             5.27E-013   5.42E-013        1.03        0.01
CD             1.96E-014   1.91E-014        1.03        0.01
HD             1.07E-005   1.04E-005        1.02        0.01
CHD            2.54E-014   2.18E-014        1.17        0.07
CD2            1.46E-015   1.36E-015        1.07        0.03
H2+            5.69E-015   5.69E-015        1.00        0.00
H3+            3.05E-011   2.99E-011        1.02        0.01 *
HD+            1.21E-019   1.19E-019        0.00        0.01
H2D+           3.12E-012   2.98E-012        1.04        0.02 *
D2+            5.29E-020   5.42E-020        0.00        0.01
HD2+           8.70E-013   8.61E-013        1.01        0.00 *
D3+            1.12E-013   1.09E-013        1.03        0.01 *
CH2+           5.81E-018   5.70E-018        1.02        0.01
CH3+           3.44E-014   3.09E-014        1.11        0.05
CH2D+          2.92E-015   2.44E-015        1.20        0.08
CHD+           1.88E-020   1.59E-020        0.00        0.07
CHD2+          5.74E-016   5.15E-016        1.11        0.05
CD2+           1.01E-021   9.18E-022        0.00        0.04
CD3+           1.86E-017   1.64E-017        1.13        0.05
CH+            8.14E-020   7.34E-020        0.00        0.04
CD+            3.47E-021   3.11E-021        0.00        0.05
H2O+           4.24E-015   4.20E-015        1.01        0.00
H3O+           1.32E-010   6.86E-011        1.92        0.28
H2DO+          4.69E-012   2.73E-012        1.72        0.23
HDO+           1.21E-016   1.19E-016        1.02        0.01
HD2O+          2.15E-013   1.37E-013        1.57        0.20
D2O+           8.95E-018   8.95E-018        1.00        0.00
D3O+           3.23E-015   2.62E-015        1.23        0.09
OH+            2.21E-015   2.19E-015        1.01        0.00
OD+            5.87E-017   5.75E-017        1.02        0.01
E-             7.99E-009   1.51E-008        1.88        0.28
OH             1.95E-009   1.89E-009        1.03        0.01 *
OD             3.41E-011   3.66E-011        1.07        0.03 *
O              1.98E-005   2.01E-005        1.02        0.01
CO             7.29E-005   7.29E-005        1.00        0.00 *
He+            4.82E-012   4.82E-012        1.00        0.00
C+             1.29E-011   1.27E-011        1.01        0.01
He             1.40E-001   1.40E-001        1.00        0.00
HCO+           3.52E-010   1.82E-010        1.93        0.29 *
DCO+           1.81E-011   9.11E-012        1.99        0.30 *
CH5+           7.17E-014   5.59E-014        1.28        0.11
CH4            3.42E-008   2.85E-008        1.20        0.08 *
CH4D+          1.13E-014   8.67E-015        1.30        0.11
CH3D           4.70E-009   3.92E-009        1.20        0.08 *
CH3D2+         2.90E-015   2.40E-015        1.21        0.08
CH2D2          8.55E-010   7.60E-010        1.13        0.05 *
CH2D3+         2.22E-016   1.80E-016        1.23        0.09
CHD3           4.32E-011   4.45E-011        1.03        0.01
CHD4+          7.49E-018   6.40E-018        1.17        0.07
CD4            7.72E-013   7.59E-013        1.02        0.01
CD5+           1.78E-019   1.57E-019        0.00        0.05
HOC+           9.33E-016   9.19E-016        1.02        0.01
DOC+           1.85E-017   1.84E-017        1.01        0.00
C              2.92E-012   3.16E-012        1.08        0.03
CO2            3.64E-008   3.20E-008        1.14        0.06 *
HCO2+          4.11E-014   1.98E-014        2.07        0.32
DCO2+          2.95E-015   1.33E-015        2.22        0.35
CO+            2.76E-016   2.72E-016        1.02        0.01
H+             1.47E-012   1.45E-012        1.01        0.01
D+             1.50E-020   1.68E-020        0.00        0.05
CO2+           4.51E-020   3.96E-020        0.00        0.06
HCO            9.25E-013   9.81E-013        1.06        0.03
DCO            9.89E-015   8.90E-015        1.11        0.05
H2O            9.86E-008   1.54E-007        1.57        0.19 *
HDO            2.42E-009   4.23E-009        1.75        0.24 *
D2O            5.47E-011   1.06E-010        1.94        0.29 *
Na             3.52E-010   8.56E-010        2.43        0.39
Na+            2.65E-009   2.14E-009        1.23        0.09
O2             4.15E-005   4.13E-005        1.00        0.00 *
N              1.30E-007   1.28E-007        1.02        0.01
NO             1.46E-007   1.90E-007        1.30        0.11
O+             6.50E-016   6.42E-016        1.01        0.01
H2O2           3.81E-142   2.61E-142        0.00      -41.42 *
HDO2           2.70E-143   1.88E-143        0.00      -42.57 *
D2O2           0.00E+000   0.00E+000        0.00        -Inf
H2CO           3.32E-013   4.38E-013        1.32        0.12 *
O2H            1.91E-010   9.91E-011        1.92        0.28 *
HDCO           2.61E-014   3.51E-014        1.35        0.13 *
O2D            6.08E-012   3.15E-012        1.93        0.29 *
NH             5.41E-011   7.64E-011        1.41        0.15
ND             2.64E-012   3.69E-012        1.40        0.15
H2CO+          1.28E-015   6.59E-016        1.95        0.29
HDCO+          8.45E-017   4.33E-017        1.95        0.29
N2O            9.29E-010   1.45E-009        1.56        0.19
N2             1.06E-005   1.05E-005        1.00        0.00
HPO+           1.83E-014   3.72E-015        4.91        0.69
PH+            5.12E-015   1.42E-015        3.60        0.56
CH3OH          3.50E-014   6.54E-014        1.87        0.27 *
CH3OH2+        3.15E-017   2.30E-017        1.37        0.14 *
CH2DOH2+       5.27E-018   3.64E-018        1.45        0.16 *
CH3OHD+        1.67E-018   1.35E-018        1.23        0.09 *
CH2DOH         5.02E-015   1.25E-014        2.48        0.40 !
CH3OD          1.67E-015   4.15E-015        2.48        0.39 !
CHD2OH2+       1.45E-018   1.09E-018        1.34        0.13 *
CH2DOHD+       2.03E-019   1.55E-019        0.00        0.12 *
CH3OD2+        5.18E-020   4.72E-020        0.00        0.04 *
CHD2OH         1.44E-015   3.10E-015        2.15        0.33 !
CH2DOD         1.44E-015   3.10E-015        2.15        0.33 !
CD3OH2+        6.25E-020   4.59E-020        0.00        0.13 *
CHD2OHD+       4.86E-020   4.03E-020        0.00        0.08 *
CH2DOD2+       6.18E-021   5.14E-021        0.00        0.08 *
CD3OH          4.88E-017   1.14E-016        2.34        0.37 !
CHD2OD         1.46E-016   3.42E-016        2.34        0.37 !
CD3OHD+        1.95E-021   1.58E-021        0.00        0.09 *
CHD2OD2+       1.39E-021   1.27E-021        0.00        0.04 *
CD3OD          6.74E-018   1.60E-017        2.37        0.37 !
CD3OD2+        4.49E-023   4.06E-023        0.00        0.04 *
CH3            2.43E-013   3.22E-013        1.32        0.12
CH2D           2.66E-014   3.59E-014        1.35        0.13
CHD2           3.10E-015   4.29E-015        1.38        0.14
D2CO           1.46E-015   2.02E-015        1.38        0.14 *
CD3            7.87E-017   1.11E-016        1.42        0.15
CH3CHO         7.24E-013   8.23E-013        1.14        0.06
CH2DCHO        1.13E-013   2.15E-013        1.90        0.28
CH3CDO         3.78E-014   5.77E-014        1.53        0.18
CHD2CHO        2.07E-014   3.21E-014        1.55        0.19
CH2DCDO        2.07E-014   3.21E-014        1.55        0.19
CD3CHO         2.72E-016   5.43E-016        1.99        0.30
CHD2CDO        8.16E-016   1.64E-015        2.01        0.30
CD3CDO         2.17E-017   0.00E+000    ********       83.34
OH-            1.51E-014   2.59E-014        1.72        0.23
OD-            8.93E-017   0.00E+000    ********       83.95
H3CO+          8.60E-016   3.78E-016        2.27        0.36
H2DCO+         8.66E-017   3.64E-017        2.38        0.38
HD2CO+         1.13E-017   5.24E-018        2.16        0.33
D3CO+          3.34E-019   1.54E-019        0.00        0.34
C2H3+          2.20E-014   9.63E-015        2.29        0.36
C2H2D+         2.27E-015   1.22E-015        1.86        0.27
C2HD2+         1.84E-016   9.83E-017        1.87        0.27
C2D3+          4.79E-018   2.96E-018        1.62        0.21
C2H5+          3.37E-016   1.42E-016        2.38        0.38
C2H4D+         6.71E-017   3.87E-017        1.73        0.24
C2H3D2+        3.42E-018   2.76E-018        1.24        0.09
C2H2D3+        2.97E-019   2.63E-019        0.00        0.05
C2HD4+         1.91E-020   1.18E-020        0.00        0.21
C2D5+          4.47E-022   2.88E-022        0.00        0.19
NH3            1.45E-008   2.31E-008        1.59        0.20 *
NH4+           2.55E-012   1.24E-012        2.05        0.31
NH2D           6.05E-010   1.30E-009        2.15        0.33 !
NH3D+          1.38E-013   8.92E-014        1.55        0.19
NHD2           2.26E-011   6.28E-011        2.78        0.44 !
NH2D2+         7.53E-015   6.17E-015        1.22        0.09
ND3            4.85E-013   1.83E-012        3.77        0.58 !
NHD3+          3.26E-016   3.72E-016        1.14        0.06
ND4+           4.59E-018   5.03E-018        1.10        0.04
NH2+           3.14E-016   3.17E-016        1.01        0.00
NHD+           1.51E-019   2.62E-019        0.00        0.24
ND2+           3.79E-021   7.15E-021        0.00        0.28
NH3+           4.12E-013   3.87E-013        1.06        0.03
Mg             6.34E-010   1.39E-009        2.19        0.34
Mg+            2.37E-009   1.61E-009        1.47        0.17
CH3CN          7.33E-014   2.15E-013        2.93        0.47 !
CH3CNH+        1.56E-016   1.46E-016        1.07        0.03
CH2DCNH+       8.70E-018   8.41E-018        1.03        0.01
CH3CND+        2.90E-018   2.78E-018        1.04        0.02
CH2DCN         1.00E-014   2.55E-014        2.54        0.40 !
CHD2CNH+       5.93E-019   4.17E-019        0.00        0.15
CH2DCND+       5.93E-019   4.56E-019        0.00        0.11
CHD2CN         1.90E-015   2.73E-015        1.44        0.16 *
CD3CNH+        1.59E-020   5.47E-022        0.00        1.46
CHD2CND+       4.77E-020   4.21E-020        0.00        0.05
CD3CN          5.21E-017   6.19E-017        1.19        0.07 *
CD3CND+        1.60E-021   5.72E-023        0.00        1.45
CN             1.60E-013   2.47E-013        1.55        0.19
HCN            1.58E-010   3.92E-010        2.48        0.39 !
HCNH+          2.61E-013   2.08E-013        1.26        0.10
DCNH+          8.49E-015   7.10E-015        1.20        0.08
HCND+          8.49E-015   7.09E-015        1.20        0.08
DCN            5.20E-012   1.38E-011        2.66        0.42 !
DCND+          2.82E-016   3.33E-016        1.18        0.07
CNC+           2.52E-015   3.32E-015        1.32        0.12
C4H2+          8.04E-017   7.96E-017        1.01        0.00
C3H+           4.24E-019   5.14E-019        0.00        0.08
C6H2+          7.51E-021   9.58E-021        0.00        0.11
C5H+           4.14E-019   3.73E-019        0.00        0.05
HNC            3.02E-010   7.79E-010        2.58        0.41 !
DNC            7.32E-012   2.19E-011        2.99        0.48 !
C2N+           5.03E-015   6.85E-015        1.36        0.13
H2NC+          2.10E-013   1.76E-013        1.20        0.08
HDNC+          5.99E-015   6.80E-015        1.14        0.06
D2NC+          1.15E-016   1.70E-016        1.48        0.17
HN2+           6.57E-012   4.99E-012        1.32        0.12 *
DN2+           3.29E-013   2.47E-013        1.33        0.12 *
S              9.34E-009   8.50E-009        1.10        0.04
HS+            1.02E-013   5.05E-014        2.01        0.30
DS+            5.24E-015   2.58E-015        2.03        0.31
N2+            3.26E-017   3.25E-017        1.00        0.00
H2S            2.36E-011   1.90E-011        1.25        0.10 *
H3S+           1.65E-014   4.24E-015        3.89        0.59
H2DS+          1.09E-015   2.71E-016        4.02        0.60
HDS            1.04E-012   8.00E-013        1.29        0.11 *
HD2S+          2.66E-017   7.99E-018        3.33        0.52
D2S            1.33E-014   1.47E-014        1.10        0.04
D3S+           6.61E-019   2.48E-019        0.00        0.43
S+             1.55E-012   7.75E-013        2.00        0.30
HCS+           1.63E-014   6.64E-015        2.45        0.39
DCS+           5.97E-016   2.24E-016        2.67        0.43
HF             1.13E-008   1.30E-008        1.15        0.06 *
F+             4.73E-018   5.47E-018        1.16        0.06
DF             2.76E-010   3.24E-010        1.18        0.07 *
H2F+           8.30E-013   4.97E-013        1.67        0.22
HDF+           6.36E-014   3.71E-014        1.72        0.23
D2F+           5.49E-015   3.28E-015        1.68        0.22
CF+            1.15E-012   6.94E-013        1.65        0.22
F              8.43E-009   6.64E-009        1.27        0.10
C2H            1.26E-012   1.05E-012        1.20        0.08 *
C3             4.80E-013   1.23E-012        2.55        0.41
C2D            4.72E-014   4.83E-014        1.02        0.01 *
C2N            2.90E-014   2.34E-014        1.24        0.09
C3H2+          7.50E-017   5.95E-017        1.26        0.10
C3HD+          1.81E-018   2.33E-018        1.29        0.11
C3H2           5.80E-012   1.55E-011        2.67        0.43 !
C4H            2.84E-015   4.73E-015        1.66        0.22
C3HD           2.12E-013   6.43E-013        3.03        0.48 !
C4D            6.90E-014   1.29E-013        1.87        0.27
C3H3+          1.05E-015   8.51E-016        1.23        0.09
C3H2D+         2.83E-017   2.80E-017        1.01        0.01
C3HD2+         8.84E-019   1.16E-018        0.00        0.12
C3D2           2.09E-014   5.95E-014        2.84        0.45
C3D3+          3.90E-020   4.59E-020        0.00        0.07
C2H3           1.50E-015   1.32E-015        1.13        0.05
C2H2D          1.44E-016   1.44E-016        1.00        0.00
C2HD2          3.99E-018   5.48E-018        1.37        0.14
C2D3           6.36E-020   9.27E-020        0.00        0.16
HCOOH          9.89E-010   7.15E-010        1.38        0.14 *
DCOOH          3.11E-011   2.08E-011        1.50        0.18 *
HCOOD          3.11E-011   2.08E-011        1.50        0.18 *
DCOOD          2.17E-012   1.29E-012        1.69        0.23 *
HCOOH2+        3.43E-013   8.11E-014        4.23        0.63
DCOOH2+        2.53E-015   8.55E-016        2.96        0.47
HCOOHD+        5.07E-015   1.71E-015        2.96        0.47
DCOOHD+        3.59E-016   1.05E-016        3.43        0.54
HCOOD2+        1.79E-016   5.22E-017        3.43        0.54
DCOOD2+        1.26E-017   3.96E-018        3.19        0.50
HeH+           1.38E-016   1.38E-016        1.00        0.00
HeD+           2.76E-021   2.76E-021        0.00        0.00
C2H+           9.09E-021   1.07E-020        0.00        0.07
C2D+           1.23E-022   1.96E-022        0.00        0.20
C2H4+          7.45E-016   3.76E-016        1.98        0.30
C2H3D+         8.32E-017   4.20E-017        1.98        0.30
C2H2D2+        3.42E-018   2.25E-018        1.52        0.18
C2HD3+         9.97E-021   8.95E-021        0.00        0.05
C2D4+          1.98E-022   1.74E-022        0.00        0.06
C2+            6.10E-021   7.19E-021        0.00        0.07
O2+            1.81E-011   9.53E-012        1.90        0.28
CH4+           4.95E-019   4.03E-019        0.00        0.09
CH3D+          5.99E-020   4.90E-020        0.00        0.09
CH2D2+         8.24E-021   7.17E-021        0.00        0.06
CHD3+          3.05E-022   2.96E-022        0.00        0.01
CD4+           3.45E-024   0.00E+000        0.00       76.54
C2             2.74E-014   4.18E-014        1.52        0.18
H-             5.98E-014   6.23E-014        1.04        0.02
NH+            6.54E-017   6.57E-017        1.00        0.00
ND+            2.34E-021   3.66E-021        0.00        0.19
D-             1.72E-018   1.93E-018        1.13        0.05
C2H2           3.54E-010   4.43E-010        1.25        0.10
C2HD           2.51E-011   4.24E-011        1.69        0.23
C2D2           2.62E-012   3.55E-012        1.36        0.13
D2CO+          8.54E-018   4.15E-018        2.06        0.31
N+             6.90E-015   6.92E-015        1.00        0.00
PH             8.48E-013   4.91E-013        1.73        0.24
P              4.30E-010   2.60E-010        1.65        0.22
P+             2.73E-015   2.51E-015        1.09        0.04
PO+            5.27E-014   1.22E-014        4.33        0.64
CH3CHOH+       1.12E-015   3.81E-016        2.93        0.47
CH2DCHOH+      6.32E-017   3.12E-017        2.03        0.31
CH3CDOH+       2.11E-017   1.31E-017        1.61        0.21
CH3CHOD+       2.11E-017   1.41E-017        1.50        0.18
CHD2CHOH+      3.11E-018   1.52E-018        2.05        0.31
CH2DCDOH+      3.11E-018   1.56E-018        1.99        0.30
CH2DCHOD+      3.11E-018   1.56E-018        1.99        0.30
CH3CDOD+       1.04E-018   5.22E-019        1.99        0.30
CD3CHOH+       3.93E-020   2.23E-020        0.00        0.25
CHD2CDOH+      1.18E-019   6.70E-020        0.00        0.25
CHD2CHOD+      1.18E-019   6.70E-020        0.00        0.25
CH2DCDOD+      1.18E-019   6.70E-020        0.00        0.25
CD3CDOH+       3.07E-021   0.00E+000        0.00       79.49
CD3CHOD+       3.07E-021   0.00E+000        0.00       79.49
CHD2CDOD+      9.20E-021   0.00E+000        0.00       79.96
CD3CDOD+       2.41E-022   0.00E+000        0.00       78.38
O-             6.49E-019   1.24E-018        0.00        0.28
C3D2+          4.24E-020   4.43E-020        0.00        0.02
C2H2+          3.69E-017   3.08E-017        1.20        0.08
C2HD+          2.79E-018   2.30E-018        1.22        0.08
C2D2+          1.59E-019   1.34E-019        0.00        0.07
NH2            2.27E-011   2.08E-011        1.09        0.04
NHD            6.11E-013   7.21E-013        1.18        0.07
ND2            1.17E-014   1.56E-014        1.33        0.12
NH2D+          1.24E-015   1.64E-015        1.32        0.12
NHD2+          4.37E-017   7.48E-017        1.71        0.23
ND3+           8.24E-019   1.75E-018        0.00        0.33
CH2CN          1.10E-012   2.00E-012        1.81        0.26
CHDCN          4.55E-014   8.84E-014        1.94        0.29
CD2CN          2.04E-015   3.46E-015        1.70        0.23
CH3CN+         1.92E-021   3.30E-021        0.00        0.24
CH2DCN+        1.95E-022   3.42E-022        0.00        0.24
CHD2CN+        2.35E-023   3.46E-024        0.00        0.83
CD3CN+         1.01E-024   2.98E-026        0.00        1.53
HCN+           1.49E-019   2.55E-019        0.00        0.23
DCN+           1.86E-021   4.04E-021        0.00        0.34
C2O            4.65E-015   2.08E-015        2.24        0.35
C5+            6.85E-025   3.07E-025        0.00        0.35
C4HD+          6.29E-019   7.79E-019        0.00        0.09
C4H+           1.13E-020   1.92E-020        0.00        0.23
C4D+           7.09E-023   2.03E-022        0.00        0.46
H2C3H+         7.82E-016   6.80E-016        1.15        0.06
HDC3H+         2.07E-017   2.45E-017        1.18        0.07
H2C3D+         1.03E-017   1.20E-017        1.16        0.07
C3D+           1.56E-020   2.61E-020        0.00        0.22
D2C3H+         5.05E-019   3.26E-019        0.00        0.19
HDC3D+         1.01E-018   6.52E-019        1.55        0.19
D2C3D+         3.84E-020   2.75E-020        0.00        0.14
C6             7.63E-020   1.88E-019        0.00        0.39
C6H            1.73E-018   3.15E-018        1.82        0.26
C7+            2.28E-025   6.63E-025        0.00        0.46
C6H+           4.32E-022   1.03E-021        0.00        0.38
C6+            6.61E-024   1.71E-023        0.00        0.41
CS+            4.13E-019   4.39E-019        0.00        0.03
NO+            4.87E-013   2.62E-013        1.86        0.27
CN+            1.96E-020   4.41E-020        0.00        0.35
HS             2.13E-012   1.07E-012        1.99        0.30
DS             5.02E-014   2.50E-014        2.00        0.30
H2S2+          3.91E-017   5.28E-018        7.41        0.87
HDS2+          2.23E-018   2.92E-019        7.64        0.88
D2S2+          2.20E-020   4.18E-021        0.00        0.72
H2S+           8.63E-016   2.97E-016        2.91        0.46
HDS+           1.18E-017   3.21E-018        3.68        0.57
D2S+           1.53E-019   5.88E-020        0.00        0.42
SO+            4.34E-013   1.58E-013        2.74        0.44
CS             1.98E-010   2.41E-010        1.22        0.09
HF+            1.38E-018   1.60E-018        1.16        0.06
DF+            2.76E-023   0.00E+000        0.00       77.44
C2NH+          9.16E-017   3.71E-017        2.47        0.39
C2ND+          2.99E-018   0.00E+000    ********       82.48
C4+            4.23E-021   5.32E-021        0.00        0.10
C5             4.88E-015   1.42E-014        2.91        0.46
C3H            6.62E-015   1.16E-014        1.74        0.24
CH2CO          5.09E-012   7.88E-012        1.55        0.19
CHDCO          6.38E-013   9.25E-013        1.45        0.16
CD2CO          1.49E-013   1.94E-013        1.30        0.11
C3+            6.14E-021   2.94E-021        0.00        0.32
C3D            7.73E-017   1.80E-016        2.33        0.37
PO             1.63E-010   1.01E-010        1.62        0.21
CP             2.52E-016   1.22E-016        2.07        0.32
PH2+           5.43E-017   2.09E-017        2.60        0.42
C-             6.24E-022   1.32E-021        0.00        0.33
HNO            2.84E-011   2.62E-011        1.08        0.04
DNO            3.92E-013   4.65E-013        1.18        0.07
HC3N           6.11E-014   1.20E-013        1.97        0.29
DC3N           9.49E-015   1.26E-014        1.33        0.12
HC2O+          2.56E-015   6.13E-016        4.18        0.62
DC2O+          9.60E-017   2.79E-017        3.44        0.54
C7             5.47E-017   2.69E-016        4.92        0.69
C5H            1.56E-017   2.18E-017        1.40        0.14
C7H+           1.83E-021   2.91E-021        0.00        0.20
C5H2+          1.21E-020   9.52E-021        0.00        0.11
Si             2.79E-013   1.63E-013        1.71        0.23
Si+            3.31E-013   2.50E-013        1.32        0.12
NS+            7.36E-016   2.60E-016        2.83        0.45
NS             3.71E-014   3.68E-014        1.01        0.00
HS2            5.11E-014   2.54E-014        2.01        0.30
DS2            1.40E-015   7.02E-016        2.00        0.30
HCS            2.59E-016   1.87E-016        1.39        0.14
DCS            1.02E-017   7.44E-018        1.37        0.14
C4             3.29E-018   5.39E-018        1.64        0.21
CH3CO+         1.59E-015   7.29E-016        2.18        0.34
CH2DCO+        8.60E-017   3.99E-017        2.16        0.33
CHD2CO+        1.10E-017   5.37E-018        2.05        0.31
CD3CO+         4.04E-019   1.88E-019        0.00        0.33
PN             2.40E-009   2.64E-009        1.10        0.04
HCP+           6.21E-024   5.09E-024        0.00        0.09
PCH2+          3.23E-017   9.68E-018        3.34        0.52
PCH4+          6.28E-019   8.23E-020        0.00        0.88
NO2            5.55E-010   6.21E-010        1.12        0.05
HC3NH+         9.62E-018   5.76E-018        1.67        0.22
DC3NH+         7.70E-020   6.21E-020        0.00        0.09
HC3ND+         7.70E-020   6.21E-020        0.00        0.09
CH3C3NH+       2.33E-020   3.63E-022        0.00        1.81
C8+            3.30E-025   1.46E-024        0.00        0.65
C4H3+          1.91E-017   9.59E-018        1.99        0.30
SiH+           1.45E-017   3.76E-018        3.86        0.59
SiOH+          7.41E-013   2.23E-013        3.32        0.52
SiO+           3.60E-019   3.49E-019        0.00        0.01
Fe             6.17E-010   1.26E-009        2.04        0.31
Fe+            2.38E-009   1.74E-009        1.37        0.14
H3S2+          6.25E-018   1.28E-018        4.89        0.69
H2DS2+         2.99E-019   5.78E-020        0.00        0.71
HD2S2+         3.04E-021   1.13E-021        0.00        0.43
D3S2+          9.99E-023   3.06E-023        0.00        0.51
OCS            1.86E-009   2.26E-009        1.21        0.08
H2CS+          2.10E-017   6.84E-018        3.08        0.49
HDCS+          1.40E-018   4.88E-019        2.86        0.46
D2CS+          5.73E-020   2.12E-020        0.00        0.43
HPN+           5.15E-013   1.64E-013        3.14        0.50
CP+            7.90E-027   3.88E-027        0.00        0.31
HCP            3.75E-013   3.21E-013        1.17        0.07
C3N            4.90E-017   6.93E-017        1.41        0.15
HC3N+          1.33E-021   2.48E-021        0.00        0.27
DC3N+          3.12E-023   4.12E-023        0.00        0.12
H3C5N+         4.27E-023   1.69E-029        0.00        6.40
CH3C3N+        9.13E-025   0.00E+000        0.00       75.96
C8H+           1.72E-027   6.89E-027        0.00        0.60
C7H2+          3.58E-024   1.58E-024        0.00        0.35
C4H2D+         4.85E-019   3.45E-019        0.00        0.15
SiO            2.96E-009   2.93E-009        1.01        0.00
SiH3+          1.88E-019   3.29E-020        0.00        0.76
SiN+           1.21E-017   1.50E-017        1.23        0.09
H2S2           6.89E-015   4.79E-015        1.44        0.16
HDS2           2.26E-016   1.57E-016        1.44        0.16
D2S2           3.65E-018   5.01E-018        1.37        0.14
HS2+           4.05E-019   1.59E-019        0.00        0.41
DS2+           9.72E-021   3.33E-021        0.00        0.47
HOCS+          6.09E-014   2.32E-014        2.63        0.42
DOCS+          4.48E-016   0.00E+000    ********       84.65
H2CS           1.01E-011   6.94E-012        1.46        0.16
HDCS           8.95E-013   6.12E-013        1.46        0.17
D2CS           1.19E-013   8.42E-014        1.41        0.15
CCP            1.25E-017   8.26E-018        1.51        0.18
HC2P           1.07E-018   3.75E-019        2.86        0.46
C3N+           3.76E-024   7.38E-024        0.00        0.29
C5N            1.28E-019   2.17E-019        0.00        0.23
HC5N           1.02E-017   3.88E-017        3.80        0.58
C5H5+          9.16E-020   3.74E-020        0.00        0.39
H2C4N+         9.13E-025   0.00E+000        0.00       75.96
C7H            1.74E-020   1.61E-020        0.00        0.03
H2SiO+         8.02E-020   7.58E-021        0.00        1.02
SiCH2+         4.16E-020   2.71E-020        0.00        0.19
SiH2           2.21E-019   7.16E-020        0.00        0.49
SiNC+          5.91E-017   6.78E-017        1.15        0.06
S2             2.82E-015   1.27E-015        2.22        0.35
SO             3.14E-009   2.95E-009        1.06        0.03
H3CS+          2.19E-015   4.77E-016        4.58        0.66
H2DCS+         2.72E-016   5.77E-017        4.72        0.67
HD2CS+         1.86E-017   5.58E-018        3.34        0.52
D3CS+          5.68E-019   1.43E-019        0.00        0.60
HC2P+          1.34E-019   7.97E-020        0.00        0.22
PC4H+          4.59E-021   0.00E+000        0.00       79.66
PC3H+          3.48E-021   8.86E-022        0.00        0.59
PC2H2+         2.60E-019   4.99E-020        0.00        0.72
C4N            4.86E-017   7.85E-017        1.62        0.21
H2C5N+         1.46E-020   1.48E-020        0.00        0.01
C5H2           1.79E-015   4.39E-015        2.46        0.39
CH3C4H         1.00E-015   0.00E+000    ********       85.00
HC4N+          9.12E-025   0.00E+000        0.00       75.96
CH2CHCN        1.11E-017   0.00E+000    ********       83.04
C8             1.98E-022   8.10E-022        0.00        0.61
C8H2+          2.17E-023   4.81E-023        0.00        0.35
C8H            1.55E-021   5.21E-021        0.00        0.53
SiH            4.06E-017   3.80E-017        1.07        0.03
H2SiO          5.42E-018   1.63E-018        3.32        0.52
HCSi+          1.72E-024   1.58E-024        0.00        0.04
SiH4+          2.11E-030   6.56E-031        0.00        0.51
HSO+           6.41E-013   1.94E-013        3.31        0.52
DSO+           3.31E-014   0.00E+000    ********       86.52
C4P            5.34E-020   0.00E+000        0.00       80.73
C3P            3.04E-020   6.42E-021        0.00        0.68
HC5N+          2.40E-026   3.56E-027        0.00        0.83
C5H3+          2.37E-019   1.80E-019        0.00        0.12
C6H2           3.55E-016   1.04E-015        2.92        0.47
H4C3N+         3.54E-021   0.00E+000        0.00       79.55
H3DC3N+        1.82E-022   0.00E+000        0.00       78.26
CHDCHCN        1.75E-018   0.00E+000    ********       82.24
CH2CDCN        8.74E-019   0.00E+000        0.00       81.94
C2H4           9.33E-012   1.35E-011        1.45        0.16
C2H3D          1.43E-012   2.46E-012        1.72        0.24
C9H+           5.18E-025   8.61E-025        0.00        0.22
C9+            3.00E-028   9.10E-028        0.00        0.48
C9             1.56E-020   7.96E-020        0.00        0.71
SiN            1.17E-014   1.34E-014        1.15        0.06
H3SiO+         4.78E-021   4.29E-022        0.00        1.05
SiH3           8.74E-023   1.67E-023        0.00        0.72
SiC+           1.35E-024   1.33E-024        0.00        0.01
SiH5+          5.23E-023   5.38E-024        0.00        0.99
SiH4           4.75E-019   1.50E-019        0.00        0.50
C5N+           1.44E-026   7.54E-009        0.00       17.72
H3C3N+         9.97E-023   0.00E+000        0.00       78.00
H2DC3N+        7.57E-024   0.00E+000        0.00       76.88
C3H3           1.67E-014   8.78E-015        1.91        0.28
C3H2D          1.73E-015   1.15E-015        1.51        0.18
C2H2D2         6.26E-013   8.00E-013        1.28        0.11
C3HD2          5.69E-015   6.40E-015        1.13        0.05
C2HD3          3.08E-014   4.51E-014        1.46        0.16
C3D3           1.63E-016   1.34E-016        1.22        0.09
C2D4           5.52E-016   8.58E-016        1.55        0.19
C10+           9.42E-027   1.61E-026        0.00        0.23
SiC            2.17E-017   1.94E-017        1.12        0.05
SiCH2          6.53E-016   6.46E-016        1.01        0.00
SiCH4+         5.48E-020   1.76E-020        0.00        0.49
C3H5+          2.92E-017   5.02E-018        5.82        0.76
C3H4D+         3.90E-018   7.38E-019        5.28        0.72
H2CCCC         4.78E-013   7.83E-013        1.64        0.21
HDCCCC         1.26E-013   1.73E-013        1.37        0.14
CH3CCH+        4.34E-019   8.13E-020        0.00        0.73
CH2DCCH+       2.80E-020   9.72E-021        0.00        0.46
CH3CCD+        9.34E-021   0.00E+000        0.00       79.97
CHD2CCH+       4.03E-021   1.94E-021        0.00        0.32
CH2DCCD+       4.03E-021   1.94E-021        0.00        0.32
CD3CCH+        1.49E-022   4.91E-023        0.00        0.48
CHD2CCD+       4.46E-022   3.73E-023        0.00        1.08
CD3CCD+        3.58E-023   0.00E+000        0.00       77.55
C9H2+          2.10E-027   6.94E-028        0.00        0.48
SiCH3+         5.04E-020   1.50E-020        0.00        0.53
SiC2H3+        1.47E-018   4.65E-019        3.15        0.50
SiCH3          2.35E-016   2.51E-016        1.06        0.03
C3H3D2+        4.20E-019   9.23E-020        0.00        0.66
C3H2D3+        2.81E-020   6.81E-021        0.00        0.61
C3HD4+         1.06E-021   0.00E+000        0.00       79.02
C3D5+          1.42E-023   0.00E+000        0.00       77.15
SiC2H2+        1.40E-018   4.10E-019        3.42        0.53
HCSi           1.10E-018   9.26E-019        1.19        0.08
SiC3H2+        4.42E-021   9.00E-022        0.00        0.69
SiC2H          3.22E-015   3.29E-015        1.02        0.01
SiC2H2         2.36E-015   2.52E-015        1.07        0.03
SiC3H+         8.27E-019   8.71E-019        0.00        0.02
SiC2           5.45E-017   4.83E-017        1.13        0.05
SiC4H+         2.49E-024   1.46E-024        0.00        0.23
SiC3           4.87E-018   9.47E-018        1.95        0.29
SiC3H          6.59E-018   4.38E-018        1.50        0.18
SiC4+          4.63E-022   2.47E-023        0.00        1.27
SiC2H+         2.62E-018   1.44E-018        1.83        0.26
SiC4           1.46E-023   0.00E+000        0.00       77.16
SiC2+          6.93E-025   4.87E-025        0.00        0.15
SiC3+          1.83E-020   9.97E-021        0.00        0.26
CN-            2.01E-017   5.40E-017        2.69        0.43
OCN            1.85E-011   2.84E-011        1.54        0.19
H2CN           3.70E-016   4.75E-016        1.28        0.11
HDCN           2.91E-017   3.82E-017        1.31        0.12
D2CN           1.64E-018   2.20E-018        1.34        0.13
CH3CHO+        8.64E-018   5.17E-018        1.67        0.22
CH2DCHO+       1.32E-018   1.07E-018        1.23        0.09
CH3CDO+        4.41E-019   3.05E-013        0.00        5.84
CHD2CHO+       6.06E-020   5.43E-020        0.00        0.05
CH2DCDO+       6.06E-020   9.37E-013        0.00        7.19
CD3CHO+        6.78E-022   7.73E-015        0.00        7.06
CHD2CDO+       2.03E-021   2.32E-014        0.00        7.06
CD3CDO+        4.37E-023   0.00E+000        0.00       77.64
CH3COCH4+      5.88E-022   0.00E+000        0.00       78.77
CH2DCOCH4+     4.38E-023   0.00E+000        0.00       77.64
CH3COCH3D+     5.85E-023   0.00E+000        0.00       77.77
SiF+           1.33E-014   6.16E-015        2.16        0.33
H2CCC          4.75E-015   7.73E-015        1.63        0.21
HDCCC          1.31E-016   2.80E-016        2.13        0.33
HC3S+          1.22E-017   6.98E-018        1.75        0.24
DC3S+          1.02E-019   7.87E-020        0.00        0.11
PH3+           2.89E-016   4.27E-017        6.77        0.83
C3S+           1.04E-019   1.01E-019        0.00        0.01
CH2CO+         7.83E-017   4.19E-017        1.87        0.27
CHDCO+         7.27E-018   4.53E-018        1.61        0.21
HPO            1.32E-015   4.51E-016        2.93        0.47
H2PO+          4.39E-017   1.02E-017        4.32        0.64
C4N+           3.88E-022   7.55E-022        0.00        0.29
C7N+           6.36E-029   1.35E-009        0.00       19.33
S2+            4.42E-016   1.40E-016        3.17        0.50
PN+            1.44E-015   1.02E-015        1.41        0.15
CH2PH          3.69E-018   8.95E-019        4.12        0.61
CH3C3N         1.02E-016   4.50E-018       22.68        1.36
HC4S+          2.04E-019   8.72E-020        0.00        0.37
OCS+           3.53E-015   2.24E-015        1.58        0.20
CCP+           2.60E-019   1.17E-019        0.00        0.35
HC7N+          1.96E-026   1.39E-027        0.00        1.15
HNSi+          5.36E-023   1.04E-022        0.00        0.29
C7N            1.67E-022   1.88E-022        0.00        0.05
HNSi           1.08E-011   2.24E-011        2.08        0.32
CH3C4H+        2.63E-020   1.34E-020        0.00        0.29
C4H3           1.35E-014   2.14E-014        1.58        0.20
C6H3+          2.08E-020   1.89E-020        0.00        0.04
C9H4+          2.57E-026   2.02E-026        0.00        0.10
C7H2           1.34E-018   1.05E-018        1.27        0.10
C4P+           3.28E-026   0.00E+000        0.00       74.52
C9N+           1.80E-032   3.26E-010        0.00       22.26
SiNH2+         2.48E-015   1.54E-015        1.61        0.21
CH3CCH         1.47E-013   7.85E-014        1.87        0.27
CH2DCCH        2.55E-014   1.52E-014        1.67        0.22
CH3CCD         8.50E-015   5.15E-015        1.65        0.22
CHD2CCH        3.19E-015   1.68E-015        1.90        0.28
CH2DCCD        3.19E-015   1.68E-015        1.90        0.28
CD3CCH         7.18E-017   0.00E+000    ********       83.86
CHD2CCD        2.15E-016   1.69E-016        1.28        0.11
CD3CCD         5.43E-018   0.00E+000    ********       82.73
C2H5           4.62E-019   5.59E-019        0.00        0.08
C2H4D          1.64E-019   2.28E-019        0.00        0.14
C2H3D2         9.14E-020   1.74E-019        0.00        0.28
C2H2D3         4.38E-021   9.94E-021        0.00        0.36
C2HD4          1.07E-022   0.00E+000        0.00       78.03
C2D5           1.06E-024   0.00E+000        0.00       76.03
CH3COCH3       3.97E-019   0.00E+000        0.00       81.60
CH2DCOCH3      2.47E-019   0.00E+000        0.00       81.39
CH3COCH2D      2.47E-019   0.00E+000        0.00       81.39
D2CCC          7.50E-014   9.28E-014        1.24        0.09
C2S            6.23E-013   7.38E-013        1.18        0.07
C3S            3.00E-014   5.71E-014        1.90        0.28
PH2            5.00E-016   1.59E-016        3.14        0.50
HC2S+          2.20E-016   7.07E-017        3.11        0.49
DC2S+          4.18E-018   1.41E-018        2.97        0.47
CD2CO+         1.27E-019   0.00E+000        0.00       81.10
C4S            3.06E-016   4.38E-016        1.43        0.16
H2C7N+         5.07E-024   3.24E-024        0.00        0.20
HC7N           1.96E-020   5.57E-020        0.00        0.45
C4H2D          2.26E-015   3.15E-015        1.39        0.14
C7H3+          2.27E-022   3.11E-023        0.00        0.86
C7H5+          4.36E-023   2.57E-023        0.00        0.23
C4H5+          8.34E-021   0.00E+000        0.00       79.92
C4H4D+         1.29E-021   0.00E+000        0.00       79.11
C2H5OH+        1.56E-019   1.04E-019        0.00        0.18
C2H4DOH+       4.46E-020   3.31E-020        0.00        0.13
C2H5OD+        8.93E-021   0.00E+000        0.00       79.95
C2H3D2OH+      1.79E-020   3.47E-020        0.00        0.29
C2H4DOD+       8.96E-021   4.51E-021        0.00        0.30
C2H2D3OH+      8.25E-022   1.91E-021        0.00        0.36
C2H3D2OD+      8.25E-022   1.91E-021        0.00        0.36
C2HD4OH+       1.93E-023   0.00E+000        0.00       77.29
C2H2D3OD+      3.86E-023   0.00E+000        0.00       77.59
C2D5OH+        1.92E-025   0.00E+000        0.00       75.28
C2HD4OD+       9.57E-025   0.00E+000        0.00       75.98
C2H5OH         1.13E-014   1.43E-014        1.27        0.10
C2H4DOH        3.14E-015   5.37E-015        1.71        0.23
C2H5OD         6.28E-016   0.00E+000    ********       84.80
C2H3D2OH       3.45E-015   4.27E-015        1.24        0.09
C2H4DOD        1.72E-015   2.05E-015        1.19        0.08
C2H2D3OH       1.68E-016   1.85E-016        1.10        0.04
C2H3D2OD       1.68E-016   1.85E-016        1.10        0.04
C2HD4OH        4.15E-018   0.00E+000    ********       82.62
C2H2D3OD       8.32E-018   0.00E+000    ********       82.92
C2D5OH         4.41E-020   0.00E+000        0.00       80.64
C2HD4OD        2.20E-019   0.00E+000        0.00       81.34
CH3COCH3+      3.83E-015   0.00E+000    ********       85.58
C2S+           4.30E-023   4.69E-023        0.00        0.04
C4S+           2.85E-021   1.57E-021        0.00        0.26
H3C7N+         2.62E-025   2.51E-025        0.00        0.02
C2H5OH2+       1.16E-017   4.39E-018        2.64        0.42
C2H4DOH2+      1.18E-018   6.09E-019        1.94        0.29
C2H5OHD+       4.73E-019   2.66E-019        0.00        0.25
C2H3D2OH2+     2.19E-019   1.18E-019        0.00        0.27
C2H4DOHD+      2.19E-019   1.18E-019        0.00        0.27
C2H5OD2+       2.19E-020   1.18E-020        0.00        0.27
C2H2D3OH2+     1.06E-020   5.43E-021        0.00        0.29
C2H3D2OHD+     2.12E-020   1.09E-020        0.00        0.29
C2H4DOD2+      5.32E-021   0.00E+000        0.00       79.73
C2HD4OH2+      2.59E-022   0.00E+000        0.00       78.41
C2H2D3OHD+     1.03E-021   0.00E+000        0.00       79.01
C2H3D2OD2+     5.17E-022   0.00E+000        0.00       78.71
C2D5OH2+       2.71E-024   0.00E+000        0.00       76.43
C2HD4OHD+      2.71E-023   0.00E+000        0.00       77.43
C2H2D3OD2+     2.71E-023   0.00E+000        0.00       77.43
CH2NH2+        3.16E-016   2.58E-016        1.22        0.09
CHDNH2+        1.72E-017   1.79E-017        1.04        0.02
CH2NHD+        1.72E-017   1.56E-017        1.10        0.04
NCCN           6.12E-015   2.70E-014        4.42        0.65
CH2CN+         1.62E-017   1.54E-017        1.06        0.02
CHDCN+         6.15E-019   8.34E-019        0.00        0.13
C2O+           2.79E-020   6.55E-021        0.00        0.63
H2NO+          9.33E-016   4.53E-016        2.06        0.31
HDNO+          5.77E-017   2.70E-017        2.14        0.33
D2NO+          5.10E-018   2.29E-018        2.22        0.35
SiH2+          1.71E-017   8.74E-018        1.96        0.29
SiNCH+         1.44E-021   1.61E-021        0.00        0.05
C4H4+          6.94E-019   3.39E-019        0.00        0.31
C4H3D+         1.66E-020   1.26E-020        0.00        0.12
CH3C6H+        2.30E-023   5.56E-026        0.00        2.62
C8H3+          6.83E-024   5.52E-024        0.00        0.09
CD2NH2+        4.70E-020   9.79E-020        0.00        0.32
CHDNHD+        1.88E-019   3.92E-019        0.00        0.32
CH2ND2+        4.70E-020   0.00E+000        0.00       80.67
CD2NHD+        2.95E-021   0.00E+000        0.00       79.47
CHDND2+        2.95E-021   0.00E+000        0.00       79.47
CD2ND2+        5.86E-023   0.00E+000        0.00       77.77
CH2NH          1.53E-012   4.58E-012        2.98        0.47
CHDNH          7.39E-014   2.63E-013        3.55        0.55
CH2ND          3.70E-014   1.31E-013        3.55        0.55
CD2NH          1.87E-015   1.03E-014        5.52        0.74
CHDND          3.74E-015   2.10E-014        5.62        0.75
CD2ND          7.82E-017   0.00E+000    ********       83.89
NCCNH+         1.80E-019   2.50E-019        0.00        0.14
NCCND+         9.58E-022   0.00E+000        0.00       78.98
CD2CN+         2.77E-021   2.44E-021        0.00        0.06
SiNC           3.33E-020   6.96E-020        0.00        0.32
CH3C5NH+       6.19E-026   0.00E+000        0.00       74.79
C6H5+          1.21E-026   4.67E-012        0.00       14.59
HNS+           7.55E-018   0.00E+000    ********       82.88
DNS+           3.83E-019   0.00E+000        0.00       81.58
C9H2           1.13E-021   6.82E-022        0.00        0.22
CH3C7NH+       1.19E-028   0.00E+000        0.00       72.08
HN2O+          2.67E-015   1.55E-015        1.72        0.24
DN2O+          5.64E-017   0.00E+000    ********       83.75
N2O+           3.08E-015   3.10E-015        1.01        0.00
C9H3+          2.05E-025   2.00E-026        0.00        1.01
CH3C6H         3.37E-019   6.50E-019        0.00        0.28
C6H6           3.89E-019   0.00E+000        0.00       81.59
C9H            1.31E-023   6.58E-024        0.00        0.30
C8H2           9.89E-020   3.07E-019        0.00        0.49
H3C9N+         4.90E-029   0.00E+000        0.00       71.69
C6H6+          7.26E-023   0.00E+000        0.00       77.86
C6H7+          2.26E-023   0.00E+000        0.00       77.35
C10            3.87E-030   2.07E-030        0.00        0.27
C9N            6.76E-026   5.12E-026        0.00        0.12
HC9N           4.53E-024   1.35E-023        0.00        0.47
H2C9N+         1.37E-027   8.11E-028        0.00        0.23
HC9N+          5.57E-030   3.42E-031        0.00        1.21
NH2CNH+        2.25E-016   2.88E-016        1.28        0.11
NHDCNH+        2.63E-018   6.44E-018        2.45        0.39
NH2CND+        1.31E-018   3.09E-018        2.35        0.37
ND2CNH+        1.41E-019   3.19E-019        0.00        0.36
NHDCND+        2.81E-019   7.68E-019        0.00        0.44
ND2CND+        2.55E-020   0.00E+000        0.00       80.41
S-             1.31E-017   2.47E-017        1.88        0.27
HNO+           3.05E-013   2.57E-013        1.19        0.07
DNO+           1.58E-014   1.34E-014        1.19        0.07
C3O            1.98E-011   8.89E-012        2.23        0.35
SO2            5.42E-009   6.02E-009        1.11        0.05
PCH3+          9.89E-018   1.21E-018        8.15        0.91
PC2H3+         1.07E-020   9.41E-022        0.00        1.06
HSO2+          8.40E-014   4.93E-014        1.70        0.23
DSO2+          3.55E-015   0.00E+000    ********       85.55
C6H4+          2.03E-021   5.47E-027        0.00        5.57
CH3CH3         8.77E-019   0.00E+000        0.00       81.94
CH2DCH3        2.69E-019   0.00E+000        0.00       81.43
CH3CH2D        2.69E-019   0.00E+000        0.00       81.43
NH2CN          3.61E-012   1.56E-011        4.31        0.63
NHDCN          7.41E-013   3.02E-012        4.08        0.61
ND2CN          2.61E-014   2.12E-013        8.15        0.91
HC3O+          7.49E-015   9.82E-016        7.63        0.88
DC3O+          1.72E-017   3.91E-018        4.39        0.64
H3C3O+         3.01E-016   6.99E-017        4.32        0.63
H2DC3O+        3.11E-017   0.00E+000    ********       83.49
SO2+           8.89E-018   9.75E-018        1.10        0.04
CHD2CH3        2.07E-023   0.00E+000        0.00       77.32
CH2DCH2D       6.20E-023   0.00E+000        0.00       77.79
CH3CHD2        2.07E-023   0.00E+000        0.00       77.32
CD3CH3         2.49E-025   0.00E+000        0.00       75.40
CHD2CH2D       2.24E-024   0.00E+000        0.00       76.35
CH2DCHD2       2.24E-024   0.00E+000        0.00       76.35
CH3CD3         2.49E-025   0.00E+000        0.00       75.40
CD3CH2D        4.18E-026   0.00E+000        0.00       74.62
CHD2CHD2       1.25E-025   0.00E+000        0.00       75.10
CH2DCD3        4.18E-026   0.00E+000        0.00       74.62
CD3CHD2        2.25E-027   0.00E+000        0.00       73.35
CHD2CD3        2.25E-027   0.00E+000        0.00       73.35
C2H7+          3.95E-024   0.00E+000        0.00       76.60
C2H6D+         2.62E-024   0.00E+000        0.00       76.42
C2H5D2+        5.40E-028   0.00E+000        0.00       72.73
C2H4D3+        5.46E-029   0.00E+000        0.00       71.74
C2H3D4+        1.87E-030   0.00E+000        0.00       70.27
C2H2D5+        2.45E-032   0.00E+000        0.00       68.39
C8H5+          0.00E+000   0.00E+000        0.00        -Inf
CH3CH3+        2.41E-023   0.00E+000        0.00       77.38
CH2DCH3+       4.99E-024   0.00E+000        0.00       76.70
CH3CH2D+       4.99E-024   0.00E+000        0.00       76.70
CHD2CH3+       6.10E-026   0.00E+000        0.00       74.79
CH2DCH2D+      1.83E-025   0.00E+000        0.00       75.26
CH3CHD2+       6.10E-026   0.00E+000        0.00       74.79
CD3CH3+        1.89E-027   0.00E+000        0.00       73.28
CHD2CH2D+      1.70E-026   0.00E+000        0.00       74.23
CH2DCHD2+      1.70E-026   0.00E+000        0.00       74.23
CH3CD3+        1.89E-027   0.00E+000        0.00       73.28
CD3CH2D+       8.44E-028   0.00E+000        0.00       72.93
CHD2CHD2+      2.53E-027   0.00E+000        0.00       73.40
CH2DCD3+       8.44E-028   0.00E+000        0.00       72.93
CD3CHD2+       1.01E-028   0.00E+000        0.00       72.00
CHD2CD3+       1.01E-028   0.00E+000        0.00       72.00
C3O+           1.11E-021   4.90E-022        0.00        0.35
CH2DCOCH3+     1.67E-016   0.00E+000    ********       84.22
CH3COCH2D+     1.67E-016   0.00E+000    ********       84.22
CH3C5N         1.37E-022   0.00E+000        0.00       78.14
CH3C7N         2.61E-025   0.00E+000        0.00       75.42
C8H4+          6.48E-025   0.00E+000        0.00       75.81
SiS+           4.34E-017   2.96E-017        1.46        0.17
PNH3+          1.75E-017   0.00E+000    ********       83.24
SiS            2.60E-017   1.88E-017        1.38        0.14
HSiS+          3.27E-020   7.91E-021        0.00        0.62
C2N2+          0.00E+000   0.00E+000        0.00        -Inf
NO2+           1.90E-019   0.00E+000        0.00       81.28
O2H+           2.81E-017   2.72E-017        1.03        0.01
O2D+           1.41E-018   1.36E-018        1.04        0.02
SiO2           2.95E-011   5.00E-011        1.70        0.23
HSiO2+         2.42E-015   1.21E-015        2.00        0.30
N2H+           0.00E+000   0.00E+000        0.00        -Inf
N2D+           0.00E+000   0.00E+000        0.00        -Inf
