H              1.15E-006   1.15E-006     1.0039     1.0000   *
CH             1.78E-010   1.14E-010      1.56      0.00
C              9.92E-010   6.14E-010      1.62      0.00
H2             5.00E-001   5.00E-001      1.00      0.00
CH2            8.19E-011   1.51E-010      1.85      0.00
NH             7.54E-013   6.16E-013      1.22      0.00
N              1.88E-009   1.90E-009      1.01      0.00
CH3            1.01E-010   4.27E-011      2.36      0.00
NH2            6.62E-013   5.22E-013      1.27      0.00
CH4            5.55E-012   2.76E-012      2.01      0.00
OH             2.71E-010   1.52E-010     1.7796     1.0000   *
O              1.16E-008   1.17E-008      1.01      0.00
NH3            2.55E-013   1.84E-013     1.3844     1.0000   *
H2O            3.05E-011   1.68E-011     1.8115     1.0000   *
C2             8.50E-014   4.39E-012     51.68      0.00
C2H2           9.56E-013   2.24E-010    233.77      0.00
C2H            4.78E-013   7.89E-011    165.10      0.00
HCN            4.66E-013   3.15E-013     1.4811     1.0000   *
CN             8.28E-011   7.15E-011      1.16      0.00
C2H3           1.08E-015   1.52E-013    140.63      0.00
CO             5.70E-009   5.68E-009     1.0033     1.0000   *
H2CN           6.40E-014   2.78E-014      2.30      0.00
HCO            8.75E-014   4.05E-013      4.63      0.00
NO             3.14E-013   1.48E-013      2.13      0.00
H2CO           1.39E-013   4.99E-014      2.79      1.00   !
HNO            7.72E-016   0.00E+000   *******      0.00
O2             9.44E-013   4.44E-013      2.13      1.00   !
O2H            4.75E-019   8.74E-020     0.0000     1.0000   *
HS             2.88E-010   4.37E-010      1.51      0.00
S              2.56E-009   2.35E-009      1.09      0.00
H2O2           1.16E-074   7.63E-076     0.0000     1.0000   *
H2S            2.65E-013   3.02E-013     1.1391     1.0000   *
OCN            2.34E-012   0.00E+000   *******      0.00
CH2CO          3.05E-015   0.00E+000   *******      0.00
CO2            3.25E-016   0.00E+000   *******      0.00
N2O            6.96E-020   0.00E+000      0.00      0.00
N2             8.23E-011   8.01E-011      1.03      0.00
NO2            8.21E-020   0.00E+000      0.00      0.00
NS             8.26E-014   1.03E-013      1.25      0.00
SO             1.03E-013   0.00E+000   *******      0.00
NCCN           4.99E-014   0.00E+000   *******      0.00
OCS            2.41E-016   0.00E+000   *******      0.00
S2             1.99E-013   2.20E-013      1.11      0.00
F              2.06E-011   1.90E-011      1.08      0.00
HF             2.00E-008   2.00E-008      1.00      0.00
HNC            2.80E-012   1.95E-012     1.4362     1.0000   *
C3             1.83E-015   0.00E+000   *******      0.00
C3H            1.00E-015   0.00E+000   *******      0.00
C3H2           1.01E-015   0.00E+000   *******      0.00
C2N            1.35E-016   0.00E+000   *******      0.00
C2H4           1.07E-015   0.00E+000   *******      0.00
C3H3           7.03E-019   0.00E+000      0.00      0.00
C2O            6.15E-017   0.00E+000   *******      0.00
SiH            1.50E-012   1.45E-012      1.04      0.00
SiC            5.46E-013   1.97E-013      2.77      0.00
C2H5           4.67E-024   0.00E+000      0.00      0.00
CH3CCH         2.53E-021   0.00E+000      0.00      0.00
SiH2           2.14E-014   0.00E+000   *******      0.00
HCSi           1.94E-012   4.82E-013      4.03      0.00
SiH3           5.61E-019   0.00E+000      0.00      0.00
SiCH2          1.36E-013   0.00E+000   *******      0.00
PH             4.55E-010   4.50E-010      1.01      0.00
CP             7.07E-011   0.00E+000   *******      0.00
CS             1.87E-012   8.45E-013      2.22      0.00
C4             4.54E-019   0.00E+000      0.00      0.00
C4H            1.05E-017   0.00E+000   *******      0.00
H2CCC          4.58E-016   0.00E+000   *******      0.00
H2CCCC         4.13E-019   0.00E+000      0.00      0.00
CH2CN          5.78E-018   0.00E+000      0.00      0.00
HC3N           9.88E-017   0.00E+000   *******      0.00
C4H3           1.42E-022   0.00E+000      0.00      0.00
HPO            1.04E-014   0.00E+000   *******      0.00
C5             7.70E-021   0.00E+000      0.00      0.00
C3N            3.06E-016   0.00E+000   *******      0.00
C5H            3.91E-022   0.00E+000      0.00      0.00
C3O            1.23E-018   0.00E+000      0.00      0.00
C5H2           1.32E-022   0.00E+000      0.00      0.00
C6             5.46E-023   0.00E+000      0.00      0.00
C6H            1.65E-023   0.00E+000      0.00      0.00
CH3C4H         4.56E-025   0.00E+000      0.00      0.00
C6H2           5.80E-024   0.00E+000      0.00      0.00
SO2            5.86E-018   0.00E+000      0.00      0.00
C7             6.33E-026   0.00E+000      0.00      0.00
C5N            1.37E-020   0.00E+000      0.00      0.00
C7H            6.87E-027   0.00E+000      0.00      0.00
C8             1.61E-028   0.00E+000      0.00      0.00
C7H2           9.93E-028   0.00E+000      0.00      0.00
C8H            6.52E-029   0.00E+000      0.00      0.00
CH3C6H         8.95E-031   0.00E+000      0.00      0.00
C8H2           9.43E-031   0.00E+000      0.00      0.00
C9             1.40E-031   0.00E+000      0.00      0.00
C7N            1.35E-025   0.00E+000      0.00      0.00
C9H            3.01E-033   0.00E+000      0.00      0.00
C10            5.10E-034   0.00E+000      0.00      0.00
C9N            2.18E-032   0.00E+000      0.00      0.00
CH2NH          3.91E-017   0.00E+000   *******      0.00
CH3OH          5.71E-021   2.14E-021     0.0000     1.0000   *
SiN            1.88E-015   0.00E+000   *******      0.00
HNSi           1.11E-015   0.00E+000   *******      0.00
PN             3.09E-013   0.00E+000   *******      0.00
Si             2.30E-009   2.23E-009      1.03      0.00
P              1.01E-009   9.05E-010      1.12      0.00
HCS            1.01E-013   1.02E-014      9.86      0.00
PO             3.89E-012   0.00E+000   *******      0.00
C4N            1.24E-018   0.00E+000      0.00      0.00
HC5N           2.51E-022   0.00E+000      0.00      0.00
HC7N           6.05E-028   0.00E+000      0.00      0.00
HOCH           4.75E-023   0.00E+000      0.00      0.00
H2CS           8.23E-014   1.74E-014      4.72      0.00
CH3CHO         4.86E-020   0.00E+000      0.00      0.00
SiO            9.33E-013   3.18E-013      2.93      0.00
H2SiO          2.17E-021   0.00E+000      0.00      0.00
SiH4           5.67E-019   0.00E+000      0.00      0.00
PH2            1.56E-012   0.00E+000   *******      0.00
HCP            7.07E-011   0.00E+000   *******      0.00
CH2PH          2.42E-017   0.00E+000   *******      0.00
CCl            7.71E-015   0.00E+000   *******      0.00
Cl             3.00E-009   3.00E-009      1.00      0.00
ClO            0.00E+000   0.00E+000      0.00      0.00
SiNC           3.46E-020   0.00E+000      0.00      0.00
SiC2           3.91E-015   0.00E+000   *******      0.00
CCP            5.85E-015   0.00E+000   *******      0.00
HC2P           2.58E-017   0.00E+000   *******      0.00
SiC3           3.03E-018   0.00E+000      0.00      0.00
C3P            1.81E-018   0.00E+000      0.00      0.00
SiC4           1.08E-022   0.00E+000      0.00      0.00
C4P            2.06E-022   0.00E+000      0.00      0.00
CH3CH3         3.13E-029   0.00E+000      0.00      0.00
HCOOH          2.59E-018   2.83E-019     0.0000     1.0000   *
SiO2           9.19E-016   0.00E+000   *******      0.00
NH2CN          8.17E-015   0.00E+000   *******      0.00
C2S            1.69E-013   0.00E+000   *******      0.00
C3S            2.21E-016   0.00E+000   *******      0.00
C9H2           1.35E-033   0.00E+000      0.00      0.00
CH2CHCN        1.64E-021   0.00E+000      0.00      0.00
HC9N           1.01E-034   0.00E+000      0.00      0.00
SiC2H2         3.82E-017   0.00E+000   *******      0.00
HeH+           1.45E-016   1.43E-016      1.01      0.00
He             1.40E-001   1.40E-001      1.00      0.00
H2+            5.92E-015   5.91E-015     1.0020     1.0000   *
CH+            9.15E-017   6.28E-017      1.46      0.00
C+             1.05E-012   2.35E-012      2.24      0.00
H+             5.72E-008   7.00E-008     1.2241     1.0000   *
CH2+           7.74E-017   4.81E-017      1.61      0.00
CH3+           6.28E-013   3.38E-013      1.86      0.00
CH4+           5.26E-018   2.97E-018      0.00      0.00
CH5+           4.12E-013   2.09E-013      1.97      0.00
H-             3.99E-014   3.50E-014      1.14      0.00
OH-            4.07E-017   4.59E-017      1.13      0.00
C2+            1.02E-019   1.68E-017      0.00      0.00
CN-            4.94E-020   0.00E+000      0.00      0.00
C2H2+          2.47E-017   5.02E-015    203.72      0.00
C2H3+          6.46E-016   1.26E-013    194.88      0.00
C2H4+          2.30E-017   4.60E-015    200.46      0.00
CO+            4.40E-020   1.30E-020      0.00      0.00
NH2+           3.51E-018   3.42E-018      0.00      0.00
C2H5+          4.85E-020   0.00E+000      0.00      0.00
Si+            6.95E-010   7.64E-010      1.10      0.00
SiH+           8.31E-014   6.21E-014      1.34      0.00
HCO+           5.95E-014   4.33E-014     1.3762     1.0000   *
CH3CH3+        4.29E-029   0.00E+000      0.00      0.00
NO+            7.64E-016   3.64E-016      2.10      0.00
SiH2+          9.98E-015   9.49E-015      1.05      0.00
H3CO+          7.24E-018   1.98E-018      0.00      0.00
SiH3+          1.19E-016   0.00E+000   *******      0.00
S+             1.71E-008   1.72E-008      1.00      0.00
HS+            6.96E-013   1.06E-012      1.52      0.00
H2S+           1.95E-012   1.70E-012      1.15      0.00
H3S+           4.53E-015   5.96E-015      1.31      0.00
C3+            5.84E-021   0.00E+000      0.00      0.00
C3H+           1.09E-019   0.00E+000      0.00      0.00
C3H2+          6.95E-018   0.00E+000      0.00      0.00
CH3CCH+        3.20E-024   0.00E+000      0.00      0.00
C3H3+          3.79E-018   0.00E+000      0.00      0.00
H2C3H+         2.65E-017   0.00E+000   *******      0.00
SiC+           8.96E-019   3.82E-019      0.00      0.00
CH3CN          2.95E-018   0.00E+000      0.00      0.00
CH2CN+         2.31E-018   0.00E+000      0.00      0.00
HCSi+          1.30E-018   4.50E-019      0.00      0.00
SiN+           5.24E-017   0.00E+000   *******      0.00
SiCH3          5.50E-016   0.00E+000   *******      0.00
SiCH2+         1.01E-014   2.79E-015      3.61      0.00
C3H7+          3.25E-038   0.00E+000      0.00      0.00
C3H6+          1.91E-041   0.00E+000      0.00      0.00
CO2+           5.65E-027   0.00E+000      0.00      0.00
HN2+           3.04E-016   2.25E-016     1.3481     1.0000   *
CS+            2.66E-017   1.65E-017      1.62      0.00
NO2+           1.49E-026   0.00E+000      0.00      0.00
SiOH+          1.17E-014   4.96E-015      2.36      0.00
C4+            2.03E-023   0.00E+000      0.00      0.00
C4H+           7.35E-023   0.00E+000      0.00      0.00
C4H2+          9.80E-020   0.00E+000      0.00      0.00
C2N2+          3.18E-032   0.00E+000      0.00      0.00
HCN+           1.16E-018   9.28E-019      0.00      0.00
HC3NH+         1.08E-019   0.00E+000      0.00      0.00
SiC2H          4.94E-017   0.00E+000   *******      0.00
SiC2+          2.65E-021   0.00E+000      0.00      0.00
SiC2H+         3.43E-017   0.00E+000   *******      0.00
SiS+           2.46E-016   0.00E+000   *******      0.00
C5+            6.45E-027   0.00E+000      0.00      0.00
C5H+           1.08E-023   0.00E+000      0.00      0.00
SO2+           1.89E-022   0.00E+000      0.00      0.00
SO+            1.67E-013   8.09E-014      2.06      0.00
C5H3+          1.20E-025   0.00E+000      0.00      0.00
CH3C3N         4.36E-023   0.00E+000      0.00      0.00
SiC3H          1.81E-020   0.00E+000      0.00      0.00
SiC3+          4.77E-020   0.00E+000      0.00      0.00
C6+            6.26E-028   0.00E+000      0.00      0.00
C6H+           2.46E-026   0.00E+000      0.00      0.00
C6H6+          1.90E-030   0.00E+000      0.00      0.00
C6H5+          5.74E-033   0.00E+000      0.00      0.00
C7+            1.83E-031   0.00E+000      0.00      0.00
C7H+           7.12E-029   0.00E+000      0.00      0.00
C7H3+          4.70E-030   0.00E+000      0.00      0.00
CH3C5N         6.52E-029   0.00E+000      0.00      0.00
C8+            2.09E-032   0.00E+000      0.00      0.00
C8H+           1.36E-034   0.00E+000      0.00      0.00
C9+            1.63E-036   0.00E+000      0.00      0.00
C9H+           1.22E-034   0.00E+000      0.00      0.00
CH3C7N         1.42E-034   0.00E+000      0.00      0.00
H3+            4.13E-010   3.59E-010     1.1491     1.0000   *
He+            6.82E-011   7.11E-011     1.0423     1.0000   *
NH+            3.19E-019   3.16E-019      0.00      0.00
N+             1.96E-019   1.80E-019      0.00      0.00
OH+            1.73E-016   1.15E-016      1.49      0.00
O+             4.18E-018   3.48E-020      0.00      0.00
O-             4.07E-021   4.76E-021      0.00      0.00
NH3+           6.27E-015   5.41E-015      1.16      0.00
H2O+           3.71E-016   2.50E-016      1.49      0.00
NH4+           7.16E-016   5.35E-016      1.34      0.00
H3O+           1.31E-012   7.67E-013      1.71      0.00
F+             7.31E-017   0.00E+000   *******      0.00
HF+            2.14E-017   0.00E+000   *******      0.00
H2F+           1.75E-012   1.25E-012      1.40      0.00
C2H+           1.79E-019   3.19E-017      0.00      0.00
CN+            1.68E-021   0.00E+000      0.00      0.00
HCNH+          7.07E-015   4.85E-015      1.46      0.00
HOC+           4.22E-019   2.66E-020      0.00      0.00
N2+            3.59E-021   3.64E-021      0.00      0.00
HNO+           2.28E-018   8.06E-019      0.00      0.00
O2H+           1.53E-022   6.28E-023      0.00      0.00
SiH4+          9.82E-026   0.00E+000      0.00      0.00
SiH5+          3.11E-021   0.00E+000      0.00      0.00
Cl+            1.22E-019   0.00E+000      0.00      0.00
HCl+           2.19E-018   0.00E+000      0.00      0.00
H2Cl+          2.29E-014   0.00E+000   *******      0.00
CH3CN+         1.23E-023   0.00E+000      0.00      0.00
CH3CNH+        1.59E-019   0.00E+000      0.00      0.00
CP+            8.08E-018   0.00E+000      0.00      0.00
HCP+           1.62E-017   0.00E+000   *******      0.00
HNSi+          2.02E-022   0.00E+000      0.00      0.00
SiNH2+         6.04E-018   0.00E+000      0.00      0.00
PCH2+          1.30E-013   0.00E+000   *******      0.00
HCO2+          1.24E-019   0.00E+000      0.00      0.00
HCS+           2.61E-014   1.39E-014      1.87      0.00
SiO+           4.51E-018   2.25E-018      0.00      0.00
C3N+           6.13E-025   0.00E+000      0.00      0.00
HC3N+          1.52E-020   0.00E+000      0.00      0.00
NCCNH+         4.59E-019   0.00E+000      0.00      0.00
C3O+           4.31E-025   0.00E+000      0.00      0.00
HC3O+          2.78E-021   0.00E+000      0.00      0.00
H3C3N+         8.40E-031   0.00E+000      0.00      0.00
H4C3N+         5.60E-026   0.00E+000      0.00      0.00
C2S+           6.38E-020   0.00E+000      0.00      0.00
HC2S+          7.59E-016   0.00E+000   *******      0.00
C5H2+          1.53E-024   0.00E+000      0.00      0.00
C4N+           3.21E-026   0.00E+000      0.00      0.00
HC4N+          3.83E-030   0.00E+000      0.00      0.00
H2C4N+         3.84E-030   0.00E+000      0.00      0.00
HSO2+          5.65E-020   0.00E+000      0.00      0.00
CH3C3N+        3.84E-030   0.00E+000      0.00      0.00
CH3C3NH+       3.23E-025   0.00E+000      0.00      0.00
C6H2+          6.13E-026   0.00E+000      0.00      0.00
C5N+           5.44E-033   0.00E+000      0.00      0.00
HC5N+          5.02E-028   0.00E+000      0.00      0.00
H2C5N+         4.03E-024   0.00E+000      0.00      0.00
C7H2+          5.82E-030   0.00E+000      0.00      0.00
C8H2+          2.45E-031   0.00E+000      0.00      0.00
C7N+           3.58E-038   0.00E+000      0.00      0.00
HC7N+          4.98E-031   0.00E+000      0.00      0.00
H2C7N+         4.28E-030   0.00E+000      0.00      0.00
C9H2+          8.56E-036   0.00E+000      0.00      0.00
C9N+           6.15E-044   0.00E+000      0.00      0.00
HC9N+          8.20E-038   0.00E+000      0.00      0.00
H2C9N+         7.04E-037   0.00E+000      0.00      0.00
Na             3.03E-010   3.41E-010      1.13      0.00
Na+            2.70E-009   2.66E-009      1.01      0.00
Mg             4.81E-011   4.86E-011      1.01      0.00
Mg+            2.95E-009   2.95E-009      1.00      0.00
H2CO+          4.65E-016   1.80E-016      2.58      0.00
PH+            1.25E-012   1.32E-012      1.05      0.00
H2NO+          2.48E-020   0.00E+000      0.00      0.00
PH2+           8.56E-013   8.78E-013      1.03      0.00
CH3OH2+        9.50E-023   2.93E-023      0.00      0.00
PH3+           2.96E-015   0.00E+000   *******      0.00
HCl            4.02E-012   0.00E+000   *******      0.00
C2NH+          1.23E-020   0.00E+000      0.00      0.00
HC2O+          6.91E-021   0.00E+000      0.00      0.00
CH3CO+         8.44E-020   0.00E+000      0.00      0.00
NH2CNH+        8.05E-020   0.00E+000      0.00      0.00
SiCH3+         5.54E-018   0.00E+000      0.00      0.00
SiCH4+         3.02E-018   0.00E+000      0.00      0.00
HN2O+          2.11E-024   0.00E+000      0.00      0.00
CH3CHOH+       7.92E-022   0.00E+000      0.00      0.00
HPN+           5.00E-018   0.00E+000      0.00      0.00
H2CS+          5.71E-016   9.69E-017      5.90      0.00
PCH4+          4.47E-020   0.00E+000      0.00      0.00
C2H5OH         5.94E-024   0.00E+000      0.00      0.00
CH3OCH3        3.57E-028   0.00E+000      0.00      0.00
CH3OCH4+       3.21E-030   0.00E+000      0.00      0.00
HNS+           3.72E-018   0.00E+000      0.00      0.00
H3CS+          2.89E-016   0.00E+000   *******      0.00
H3SiO+         1.33E-025   0.00E+000      0.00      0.00
HPO+           6.92E-016   0.00E+000   *******      0.00
H2PO+          8.05E-019   0.00E+000      0.00      0.00
HSO+           4.71E-018   0.00E+000      0.00      0.00
C4H3+          1.28E-022   0.00E+000      0.00      0.00
C4H4+          2.41E-027   0.00E+000      0.00      0.00
SiC2H2+        1.70E-019   0.00E+000      0.00      0.00
SiNCH+         4.65E-022   0.00E+000      0.00      0.00
SiC2H3+        4.95E-019   0.00E+000      0.00      0.00
HC2P+          2.62E-017   0.00E+000   *******      0.00
Fe             7.24E-012   6.83E-012     1.0603     1.0000   *
Fe+            2.99E-009   2.99E-009      1.00      0.00
PC2H2+         7.14E-020   0.00E+000      0.00      0.00
CH3COCH3       1.88E-027   0.00E+000      0.00      0.00
C3H5+          1.84E-023   0.00E+000      0.00      0.00
CH3COCH4+      3.41E-029   0.00E+000      0.00      0.00
HCOOCH3        8.06E-031   0.00E+000      0.00      0.00
H5C2O2+        1.09E-032   0.00E+000      0.00      0.00
HOCS+          4.04E-021   0.00E+000      0.00      0.00
HSiO2+         1.21E-020   0.00E+000      0.00      0.00
SiS            4.02E-017   0.00E+000   *******      0.00
HSiS+          4.54E-019   0.00E+000      0.00      0.00
C5H5+          1.67E-027   0.00E+000      0.00      0.00
SiC3H+         4.03E-020   0.00E+000      0.00      0.00
HS2+           3.23E-017   0.00E+000   *******      0.00
SiC3H2+        2.43E-022   0.00E+000      0.00      0.00
HS2            1.74E-015   0.00E+000   *******      0.00
H2S2+          7.93E-018   0.00E+000      0.00      0.00
H2S2           1.15E-015   0.00E+000   *******      0.00
H3S2+          1.55E-017   0.00E+000   *******      0.00
PC3H+          1.41E-022   0.00E+000      0.00      0.00
HC3S+          9.88E-019   0.00E+000      0.00      0.00
C6H3+          9.08E-028   0.00E+000      0.00      0.00
SiC4H+         7.31E-025   0.00E+000      0.00      0.00
C6H6           9.51E-026   0.00E+000      0.00      0.00
C6H7+          1.55E-030   0.00E+000      0.00      0.00
PC4H+          1.85E-024   0.00E+000      0.00      0.00
C4S            8.64E-021   0.00E+000      0.00      0.00
HC4S+          5.82E-023   0.00E+000      0.00      0.00
C7H5+          4.02E-033   0.00E+000      0.00      0.00
CH3C5NH+       5.71E-031   0.00E+000      0.00      0.00
C8H3+          4.36E-034   0.00E+000      0.00      0.00
C9H3+          5.93E-036   0.00E+000      0.00      0.00
CH3C7NH+       1.38E-036   0.00E+000      0.00      0.00
P+             1.38E-009   1.64E-009      1.19      0.00
O2+            1.85E-015   9.22E-016      2.00      0.00
PO+            2.72E-014   0.00E+000   *******      0.00
C2N+           8.46E-019   0.00E+000      0.00      0.00
S2+            9.70E-016   1.11E-015      1.15      0.00
CCP+           1.36E-017   0.00E+000   *******      0.00
H2NC+          1.94E-018   1.03E-018      0.00      0.00
CF+            1.98E-014   0.00E+000   *******      0.00
CNC+           6.06E-020   0.00E+000      0.00      0.00
C-             1.95E-018   0.00E+000      0.00      0.00
CCl+           1.81E-019   0.00E+000      0.00      0.00
SiNC+          7.60E-017   5.04E-017      1.51      0.00
E-             8.55E-008   9.86E-008     1.1534     1.0000   *
C3S+           1.18E-018   0.00E+000      0.00      0.00
SiC4+          2.85E-022   0.00E+000      0.00      0.00
H3C5N+         2.57E-030   0.00E+000      0.00      0.00
H3C7N+         5.84E-033   0.00E+000      0.00      0.00
C10+           1.08E-039   0.00E+000      0.00      0.00
H3C9N+         1.48E-038   0.00E+000      0.00      0.00
CH2CO+         8.53E-022   0.00E+000      0.00      0.00
NS+            1.87E-015   2.09E-015      1.12      0.00
C4H5+          1.37E-025   0.00E+000      0.00      0.00
CH3C4H+        7.49E-027   0.00E+000      0.00      0.00
CH3C6H+        4.73E-033   0.00E+000      0.00      0.00
C9H4+          1.04E-038   0.00E+000      0.00      0.00
CH4N+          2.21E-020   0.00E+000      0.00      0.00
OCN+           1.56E-023   0.00E+000      0.00      0.00
H2CCl+         1.70E-019   0.00E+000      0.00      0.00
H2SiO+         4.41E-021   0.00E+000      0.00      0.00
PN+            1.15E-015   0.00E+000   *******      0.00
OCS+           3.41E-019   0.00E+000      0.00      0.00
PCH3+          6.90E-020   0.00E+000      0.00      0.00
HCOOH2+        1.34E-022   0.00E+000      0.00      0.00
C6H4+          6.96E-028   0.00E+000      0.00      0.00
C8H4+          4.53E-035   0.00E+000      0.00      0.00
C2H7+          2.50E-037   0.00E+000      0.00      0.00
PNH2+          1.84E-018   0.00E+000      0.00      0.00
PNH3+          1.38E-020   0.00E+000      0.00      0.00
CH2NH2+        2.09E-024   0.00E+000      0.00      0.00
C2H5OH2+       8.08E-026   0.00E+000      0.00      0.00
HNCO+          1.28E-027   0.00E+000      0.00      0.00
N2O+           4.66E-017   0.00E+000   *******      0.00
SiF+           4.62E-012   4.41E-012      1.05      0.00
C2O+           1.37E-019   0.00E+000      0.00      0.00
C4H7+          3.08E-029   0.00E+000      0.00      0.00
PC2H3+         4.40E-023   0.00E+000      0.00      0.00
CH3CS+         6.93E-020   0.00E+000      0.00      0.00
PC2H4+         1.54E-023   0.00E+000      0.00      0.00
CH3COCH3+      1.68E-029   0.00E+000      0.00      0.00
C4S+           7.01E-021   0.00E+000      0.00      0.00
CH3OH+         7.51E-024   2.99E-024      0.00      0.00
CH3CHO+        3.90E-022   0.00E+000      0.00      0.00
C2H5OH+        3.97E-026   0.00E+000      0.00      0.00
CH3OCH3+       1.59E-030   0.00E+000      0.00      0.00
COOCH4+        5.39E-033   0.00E+000      0.00      0.00
C4P+           4.59E-025   0.00E+000      0.00      0.00
ClO+           0.00E+000   0.00E+000      0.00      0.00
S-             2.32E-017   0.00E+000   *******      0.00
HCOOH+         1.24E-037   0.00E+000      0.00      0.00
C3H2O+         8.86E-026   0.00E+000      0.00      0.00
H3C3O+         1.03E-023   0.00E+000      0.00      0.00
NCCNCH3+       1.99E-024   0.00E+000      0.00      0.00
C8H5+          7.41E-039   0.00E+000      0.00      0.00
C9H5+          6.94E-042   0.00E+000      0.00      0.00
