H              7.35E-006   6.61E-006        1.11        0.05 *
H2             5.00E-001   5.00E-001        1.00        0.00
D              4.85E-007   5.09E-007        1.05        0.02 *
D2             2.80E-005   2.73E-005        1.03        0.01
H2+            2.84E-014   2.84E-014        1.00        0.00
H3+            9.90E-011   1.05E-010        1.06        0.02 *
HD+            2.47E-018   3.44E-018        1.40        0.14
H2D+           3.16E-011   3.74E-011        1.18        0.07 *
HD             4.34E-005   4.48E-005        1.03        0.01
D2+            1.59E-018   0.00E+000    ********       82.20
HD2+           1.71E-011   2.08E-011        1.22        0.08 *
D3+            8.12E-012   1.04E-011        1.29        0.11 *
H2O+           1.93E-014   1.90E-014        1.02        0.01
H3O+           8.50E-011   7.73E-011        1.10        0.04
H2DO+          1.10E-011   1.05E-011        1.05        0.02
HDO+           2.02E-015   2.18E-015        1.08        0.03
HD2O+          1.75E-012   1.89E-012        1.08        0.03
D2O+           3.48E-016   3.89E-016        1.12        0.05
D3O+           1.16E-013   1.23E-013        1.06        0.03
CH2+           2.80E-017   2.73E-017        1.03        0.01
CH3+           7.95E-014   7.53E-014        1.06        0.02
CH2D+          1.60E-014   1.82E-014        1.14        0.06
CHD+           1.44E-019   1.88E-019        1.31        0.12
CHD2+          7.33E-015   8.24E-015        1.12        0.05
CD2+           1.69E-020   2.30E-020        0.00        0.13
CD3+           8.34E-016   1.15E-015        1.37        0.14
CH+            3.07E-019   3.11E-019        1.01        0.00
CD+            5.02E-020   6.64E-020        0.00        0.12
OH+            9.98E-015   9.84E-015        1.01        0.01
OD+            1.13E-015   1.23E-015        1.09        0.04
O              2.23E-005   1.99E-005        1.12        0.05
CH2            7.68E-013   8.35E-013        1.09        0.04
CO             7.29E-005   7.29E-005        1.00        0.00 *
CHD            1.75E-013   2.55E-013        1.46        0.16
CD2            2.62E-014   3.49E-014        1.33        0.12
HCO+           2.01E-010   1.97E-010        1.02        0.01 *
DCO+           4.56E-011   5.06E-011        1.11        0.05 *
He+            2.44E-011   2.47E-011        1.01        0.00
C+             6.36E-011   6.20E-011        1.03        0.01
He             1.40E-001   1.40E-001        1.00        0.00
CO2            4.69E-008   5.92E-008        1.26        0.10 *
HCO2+          4.24E-014   4.78E-014        1.13        0.05
DCO2+          9.15E-015   0.00E+000    ********       85.96
CO+            1.30E-015   1.28E-015        1.01        0.00
HCO            1.20E-012   1.48E-012        1.23        0.09
DCO            1.90E-013   2.74E-013        1.45        0.16
C              1.91E-011   2.48E-011        1.30        0.11
H2O            2.90E-007   3.10E-007        1.07        0.03 *
HDO            2.74E-008   3.25E-008        1.19        0.07 *
D2O            2.25E-009   3.18E-009        1.41        0.15 *
CH5+           7.52E-014   7.12E-014        1.06        0.02
CH4            1.09E-008   1.02E-008        1.06        0.03 *
HOC+           4.57E-015   4.36E-015        1.05        0.02
DOC+           3.49E-016   4.25E-016        1.22        0.09
H+             7.06E-012   6.62E-012        1.07        0.03
D+             8.01E-019   7.80E-019        1.03        0.01
E-             5.38E-008   5.94E-008        1.10        0.04
OH             7.38E-009   8.23E-009        1.12        0.05 *
OD             1.01E-009   1.27E-009        1.26        0.10 *
O2             3.99E-005   4.05E-005        1.02        0.01 *
N              2.56E-007   1.32E-007        1.94        0.29
NO             6.55E-007   1.75E-006        2.67        0.43
H2O2           1.24E-142   1.96E-142        0.00      -41.71 *
HDO2           2.77E-143   5.45E-143        0.00      -42.26 *
D2O2           2.24E-144   0.00E+000        0.00      -43.65
H2CO           1.99E-012   2.20E-012        1.10        0.04 *
O2H            4.77E-011   7.53E-011        1.58        0.20 *
HDCO           3.94E-013   5.50E-013        1.40        0.15 *
O2D            5.75E-012   1.26E-011        2.19        0.34 *
D2CO           5.23E-014   8.39E-014        1.60        0.20 *
NH             4.39E-010   7.51E-010        1.71        0.23
ND             9.46E-011   1.94E-010        2.05        0.31
H2CO+          5.94E-016   4.94E-016        1.20        0.08
HDCO+          1.09E-016   1.18E-016        1.08        0.03
D2CO+          2.27E-017   2.19E-017        1.04        0.02
CH3OH          7.34E-014   1.58E-013        2.15        0.33 *
CH3OH2+        3.12E-017   3.30E-017        1.06        0.02
H3CO+          1.75E-016   1.26E-016        1.39        0.14
CH2DOH         2.54E-014   4.11E-014        1.61        0.21 *
CH3OD          8.49E-015   1.37E-014        1.62        0.21 *
CHD2OH         7.27E-015   1.38E-014        1.89        0.28 *
CH2DOD         7.27E-015   1.38E-014        1.89        0.28 *
CD3OH          5.52E-016   1.02E-015        1.85        0.27 *
CHD2OD         1.65E-015   3.07E-015        1.85        0.27 *
CD3OD          1.17E-016   3.06E-016        2.62        0.42 *
CH3            1.41E-012   1.53E-012        1.08        0.03
CH2D           3.48E-013   4.66E-013        1.34        0.13
CHD2           1.05E-013   1.64E-013        1.57        0.20
CD3            5.24E-015   9.68E-015        1.85        0.27
CH2DOH2+       1.24E-017   1.80E-017        1.45        0.16
CH3OHD+        5.89E-018   7.88E-018        1.34        0.13
CHD2OH2+       8.50E-018   1.27E-017        1.49        0.17
CH2DOHD+       1.81E-018   3.08E-018        1.70        0.23
CH3OD2+        7.26E-019   1.22E-018        1.68        0.22
CD3OH2+        1.29E-018   2.32E-018        1.81        0.26
CHD2OHD+       1.08E-018   1.82E-018        1.68        0.22
CH2DOD2+       2.00E-019   3.94E-019        1.97        0.29
CD3OHD+        1.53E-019   3.02E-019        1.98        0.30
CHD2OD2+       1.12E-019   2.15E-019        1.93        0.28
CD3OD2+        1.26E-020   2.53E-020        0.00        0.30
OH-            3.13E-014   0.00E+000    ********       86.50
OD-            8.48E-016   0.00E+000    ********       84.93
CH3D           4.52E-009   5.58E-009        1.24        0.09 *
CH2D2          2.34E-009   3.31E-009        1.42        0.15 *
CHD3           2.65E-010   4.61E-010        1.74        0.24
CD4            2.82E-014   0.00E+000    ********       86.45
C2H5+          4.32E-017   5.35E-017        1.24        0.09
C2H3+          5.74E-015   5.69E-015        1.01        0.00
C2H2D+         1.99E-015   2.24E-015        1.13        0.05
C2HD2+         5.15E-016   6.40E-016        1.24        0.09
C2D3+          3.31E-017   5.09E-017        1.54        0.19
CH4D+          1.78E-014   2.10E-014        1.18        0.07
CH3D2+         1.43E-014   1.80E-014        1.26        0.10
CH2D3+         2.93E-015   4.89E-015        1.67        0.22
CHD4+          3.50E-019   0.00E+000    ********       81.54
CD5+           3.39E-020   0.00E+000        0.00       80.53
NH3            3.94E-008   4.19E-008        1.06        0.03 *
NH4+           1.05E-012   9.85E-013        1.07        0.03
NH2+           1.68E-015   1.76E-015        1.05        0.02
NH2D           4.13E-009   7.23E-009        1.75        0.24 *
NHD+           3.91E-018   9.16E-018        2.34        0.37
NHD2           2.50E-010   6.44E-010        2.58        0.41 *
ND2+           1.42E-019   3.33E-019        2.35        0.37
ND3            6.69E-012   2.72E-011        4.06        0.61 *
CH4N+          2.53E-016   0.00E+000    ********       84.40
H2NC+          4.27E-013   4.09E-013        1.04        0.02
HDNC+          3.06E-014   5.35E-014        1.75        0.24
D2NC+          9.42E-016   2.46E-015        2.61        0.42
NH2            8.89E-011   1.00E-010        1.13        0.05
NHD            2.67E-012   4.71E-012        1.76        0.25
ND2            8.19E-014   2.00E-013        2.44        0.39
NH3+           1.45E-012   1.44E-012        1.00        0.00
NH2D+          8.75E-015   1.97E-014        2.26        0.35
NHD2+          4.31E-016   1.17E-015        2.72        0.43
ND3+           7.87E-018   3.08E-017        3.91        0.59
NH3D+          7.93E-014   1.17E-013        1.48        0.17
NH2D2+         7.06E-015   1.50E-014        2.13        0.33
NHD3+          3.73E-016   1.27E-015        3.40        0.53
ND4+           8.91E-018   4.04E-017        4.54        0.66
CH3CN          6.66E-013   8.05E-013        1.21        0.08 *
CH3CNH+        2.32E-016   2.42E-016        1.04        0.02
CN             2.59E-012   3.07E-012        1.19        0.07
CH2DCN         3.29E-013   5.86E-013        1.78        0.25 *
CHD2CN         6.29E-014   1.06E-013        1.68        0.23 *
CD3CN          4.36E-015   6.26E-015        1.44        0.16 *
CN+            9.45E-019   1.07E-018        1.13        0.05
CH2DCNH+       5.48E-017   8.68E-017        1.58        0.20
CH3CND+        1.83E-017   2.39E-017        1.30        0.12
CHD2CNH+       1.02E-017   1.49E-017        1.45        0.16
CH2DCND+       1.02E-017   1.49E-017        1.45        0.16
CD3CNH+        7.15E-019   8.96E-019        1.25        0.10
CHD2CND+       2.14E-018   2.69E-018        1.25        0.10
CD3CND+        1.43E-019   0.00E+000    ********       81.16
HCN            1.24E-009   1.41E-009        1.14        0.06 *
HCNH+          3.67E-013   3.64E-013        1.01        0.00
DCNH+          5.15E-014   5.90E-014        1.15        0.06
HCND+          5.15E-014   5.90E-014        1.15        0.06
DCN            1.99E-010   2.98E-010        1.50        0.18 *
DCND+          1.66E-014   1.81E-014        1.09        0.04
CNC+           1.71E-014   1.84E-014        1.08        0.03
HNC            2.77E-009   3.28E-009        1.18        0.07 *
DNC            2.51E-010   4.53E-010        1.80        0.26 *
C2N+           3.69E-014   4.03E-014        1.09        0.04
HN2+           8.79E-012   1.11E-011        1.26        0.10 *
N2             1.02E-005   9.73E-006        1.05        0.02
DN2+           1.97E-012   2.95E-012        1.50        0.18 *
N2+            1.60E-016   1.54E-016        1.04        0.02
H2S            1.04E-011   8.91E-012        1.17        0.07 *
H3S+           1.49E-015   1.07E-015        1.38        0.14
H2DS+          4.15E-016   4.09E-016        1.01        0.01
HDS            1.94E-012   2.36E-012        1.22        0.09 *
HD2S+          4.00E-017   4.98E-017        1.24        0.09
D2S            1.12E-013   2.06E-013        1.84        0.26
D3S+           4.21E-018   4.82E-018        1.15        0.06
S+             3.08E-012   1.44E-012        2.14        0.33
S              1.06E-008   8.46E-009        1.25        0.10
H3CS+          1.97E-016   7.78E-017        2.53        0.40
H2DCS+         8.43E-017   4.55E-017        1.86        0.27
HD2CS+         2.46E-017   1.44E-017        1.70        0.23
D3CS+          2.19E-018   1.18E-018        1.85        0.27
HCS+           2.96E-015   2.36E-015        1.25        0.10
DCS+           2.68E-016   1.80E-016        1.49        0.17
H2S+           4.08E-016   1.84E-016        2.21        0.35
HDS+           1.14E-017   1.10E-017        1.03        0.01
D2S+           5.89E-019   0.00E+000    ********       81.77
HF             8.65E-009   8.23E-009        1.05        0.02 *
H2F+           3.67E-013   3.38E-013        1.09        0.04
HDF+           1.11E-013   1.43E-013        1.29        0.11
DF             9.85E-010   1.35E-009        1.37        0.14 *
D2F+           2.60E-014   2.07E-014        1.26        0.10
F+             2.00E-017   2.01E-017        1.00        0.00
F              1.04E-008   1.04E-008        1.00        0.00
C2H            2.59E-012   2.97E-012        1.15        0.06 *
C3             3.46E-012   6.85E-012        1.98        0.30
C2D            3.64E-013   4.83E-013        1.33        0.12 *
CH             2.88E-012   3.16E-012        1.10        0.04
CD             3.43E-013   4.73E-013        1.38        0.14
C3H2           2.43E-011   3.63E-011        1.49        0.17 *
C4H            3.81E-014   6.15E-014        1.61        0.21
C3HD           5.13E-012   9.60E-012        1.87        0.27 *
C4D            8.48E-016   1.56E-015        1.83        0.26
C3D2           5.11E-013   1.35E-012        2.64        0.42
C3H3+          6.98E-016   8.75E-016        1.25        0.10
C3H2D+         2.06E-016   2.83E-016        1.38        0.14
C3HD2+         3.69E-017   6.31E-017        1.71        0.23
C3D3+          3.84E-018   6.06E-018        1.58        0.20
HCOOH          2.53E-010   3.84E-010        1.52        0.18 *
DCOOH          3.12E-011   5.60E-011        1.79        0.25 *
HCOOD          3.12E-011   5.60E-011        1.79        0.25 *
DCOOD          4.10E-012   9.29E-012        2.27        0.36 *
HCOOH2+        1.95E-014   2.04E-014        1.05        0.02
DCOOH2+        2.39E-015   2.95E-015        1.23        0.09
HCOOHD+        4.80E-015   5.91E-015        1.23        0.09
DCOOHD+        6.09E-016   9.09E-016        1.49        0.17
HCOOD2+        3.04E-016   4.54E-016        1.49        0.17
DCOOD2+        4.96E-017   8.82E-017        1.78        0.25
C2H+           5.21E-020   5.38E-020        0.00        0.01
C2D+           2.39E-021   2.70E-021        0.00        0.05
HeH+           6.90E-016   6.90E-016        1.00        0.00
HeD+           6.86E-020   0.00E+000        0.00       80.84
C2O            1.53E-015   1.08E-015        1.41        0.15
C2H4+          2.03E-016   2.27E-016        1.12        0.05
C2H3D+         7.95E-017   1.19E-016        1.50        0.18
C2H2D2+        7.66E-018   1.34E-017        1.75        0.24
C2HD3+         6.18E-020   0.00E+000        0.00       80.79
C2D4+          1.97E-021   0.00E+000        0.00       79.30
HC2O+          1.32E-016   8.36E-017        1.58        0.20
DC2O+          1.89E-017   0.00E+000    ********       83.28
C3H2+          8.07E-017   9.96E-017        1.23        0.09
C2H2           3.67E-010   4.82E-010        1.31        0.12
C3HD+          8.59E-018   1.27E-017        1.48        0.17
C2HD           9.02E-011   1.37E-010        1.52        0.18
C3D2+          2.63E-019   5.70E-019        2.17        0.34
C2D2           1.03E-011   1.83E-011        1.77        0.25
C2             5.45E-013   7.25E-013        1.33        0.12
Fe             1.40E-009   1.61E-009        1.15        0.06
Fe+            1.60E-009   1.39E-009        1.15        0.06
Si             3.85E-013   3.64E-013        1.06        0.03
Si+            9.59E-013   1.04E-012        1.08        0.03
C5H+           5.62E-019   7.17E-019        1.28        0.11
C5D+           6.82E-020   1.09E-019        0.00        0.20
Mg             1.94E-009   2.13E-009        1.10        0.04
Mg+            1.06E-009   8.71E-010        1.21        0.08
Na             1.38E-009   1.57E-009        1.14        0.06
Na+            1.62E-009   1.43E-009        1.13        0.05
P              4.70E-010   3.00E-009        6.39        0.81
P+             1.39E-014   0.00E+000    ********       86.14
C2NH+          6.76E-017   5.96E-017        1.13        0.05
C2ND+          4.52E-018   0.00E+000    ********       82.66
OCN            3.81E-010   4.55E-010        1.19        0.08
NH+            3.44E-016   3.60E-016        1.05        0.02
ND+            5.00E-020   6.96E-020        0.00        0.14
H-             2.29E-013   2.74E-013        1.20        0.08
D-             2.28E-017   0.00E+000    ********       83.36
H2DCO+         5.71E-017   5.66E-017        1.01        0.00
HD2CO+         1.46E-017   1.64E-017        1.12        0.05
D3CO+          1.38E-018   0.00E+000    ********       82.14
O-             4.93E-018   0.00E+000    ********       82.69
C2H4D+         2.01E-017   3.14E-017        1.56        0.19
C2H3D2+        8.48E-018   2.02E-017        2.38        0.38
C2H2D3+        1.78E-018   4.58E-018        2.57        0.41
C2HD4+         1.56E-019   4.20E-019        2.69        0.43
C2D5+          3.77E-021   0.00E+000        0.00       79.58
C2H3           1.97E-015   2.84E-015        1.44        0.16
C2H2D          5.85E-016   1.25E-015        2.14        0.33
C2HD2          5.93E-017   1.69E-016        2.85        0.45
C2D3           2.31E-018   7.51E-018        3.25        0.51
C2H4           1.08E-011   1.39E-011        1.29        0.11
C2H3D          6.53E-012   1.13E-011        1.73        0.24
C2H2D2         2.30E-012   4.61E-012        2.01        0.30
C2HD3          2.74E-013   5.85E-013        2.14        0.33
C2D4           7.39E-015   0.00E+000    ********       85.87
C3H+           2.20E-018   2.90E-018        1.32        0.12
C3D+           2.98E-019   4.66E-019        1.56        0.19
C2H2+          7.13E-017   6.96E-017        1.03        0.01
C2HD+          1.89E-017   2.38E-017        1.26        0.10
C2D2+          2.51E-018   3.69E-018        1.47        0.17
CH3DN+         9.82E-020   0.00E+000        0.00       80.99
CH2D2N+        2.96E-020   0.00E+000        0.00       80.47
CHD3N+         2.50E-021   0.00E+000        0.00       79.40
CD4N+          3.93E-023   0.00E+000        0.00       77.59
HNO            1.13E-010   1.29E-010        1.13        0.05
DNO            1.87E-012   3.20E-012        1.71        0.23
CH2CN          2.65E-012   3.44E-012        1.30        0.11
CHDCN          5.04E-013   8.96E-013        1.78        0.25
CD2CN          4.86E-014   9.41E-014        1.94        0.29
CH3CN+         1.69E-020   2.06E-020        0.00        0.09
CH2DCN+        6.75E-021   1.32E-020        0.00        0.29
CHD2CN+        2.13E-021   3.92E-021        0.00        0.27
CD3CN+         2.79E-022   0.00E+000        0.00       78.45
HCN+           3.04E-018   3.10E-018        1.02        0.01
DCN+           8.49E-020   1.23E-019        0.00        0.16
C4H2+          2.23E-016   2.85E-016        1.28        0.11
C4HD+          8.33E-018   1.14E-017        1.37        0.14
C4D2+          8.33E-020   1.57E-019        0.00        0.28
N+             3.63E-014   3.23E-014        1.12        0.05
HS             4.71E-013   6.14E-013        1.30        0.11
DS             5.49E-014   1.14E-013        2.08        0.32
HS+            7.33E-014   5.74E-014        1.28        0.11
DS+            1.73E-014   1.60E-014        1.08        0.03
HCS            5.70E-016   4.22E-016        1.35        0.13
DCS            7.17E-017   6.75E-017        1.06        0.03
CS             1.14E-010   8.80E-011        1.29        0.11
NS+            4.20E-016   1.37E-016        3.06        0.49
NO+            9.91E-013   2.12E-012        2.14        0.33
H2CS           4.58E-012   1.95E-012        2.34        0.37
HDCS           1.40E-012   9.86E-013        1.42        0.15
D2CS           1.99E-013   1.54E-013        1.29        0.11
CS+            1.83E-018   1.88E-018        1.03        0.01
SO+            1.54E-013   1.28E-013        1.21        0.08
HF+            5.84E-018   5.86E-018        1.00        0.00
DF+            5.80E-022   0.00E+000        0.00       78.76
C5             4.51E-014   7.02E-014        1.56        0.19
C3H            7.77E-014   1.26E-013        1.62        0.21
C3D            4.71E-015   1.02E-014        2.16        0.34
C4H+           1.72E-019   2.44E-019        1.42        0.15
C4D+           9.21E-021   1.40E-020        0.00        0.18
O2+            1.24E-011   1.10E-011        1.13        0.05
H2C3H+         1.14E-015   1.36E-015        1.20        0.08
HDC3H+         1.11E-016   1.71E-016        1.54        0.19
H2C3D+         5.52E-017   8.50E-017        1.54        0.19
D2C3H+         1.20E-018   2.11E-018        1.75        0.24
HDC3D+         2.40E-018   4.21E-018        1.75        0.24
D2C3D+         2.04E-019   0.00E+000    ********       81.31
C4+            5.03E-020   7.58E-020        0.00        0.18
SiH+           5.61E-018   4.61E-018        1.22        0.09
SiD+           1.14E-018   0.00E+000    ********       82.06
SiOH+          1.17E-013   1.01E-013        1.16        0.06
SiOD+          1.94E-014   1.51E-014        1.29        0.11
HCSi+          4.02E-023   4.13E-023        0.00        0.01
DCSi+          4.51E-025   0.00E+000        0.00       75.65
C6+            1.86E-022   2.80E-022        0.00        0.18
C4             8.60E-018   1.44E-017        1.68        0.22
C5+            3.56E-023   5.44E-023        0.00        0.18
PH+            2.47E-015   0.00E+000    ********       85.39
PD+            5.65E-016   0.00E+000    ********       84.75
HPO+           1.86E-015   0.00E+000    ********       85.27
DPO+           3.26E-016   0.00E+000    ********       84.51
PCH2+          6.69E-018   0.00E+000    ********       82.83
PCHD+          1.91E-018   0.00E+000    ********       82.28
PCD2+          2.62E-019   0.00E+000    ********       81.42
PO+            1.20E-014   0.00E+000    ********       86.08
PH2+           3.09E-017   0.00E+000    ********       83.49
PHD+           1.65E-018   0.00E+000    ********       82.22
PD2+           2.90E-019   0.00E+000    ********       81.46
C2N            1.11E-013   8.43E-014        1.32        0.12
CH2CO          7.86E-012   8.35E-012        1.06        0.03
CHDCO          1.79E-012   3.58E-012        2.00        0.30
CD2CO          2.38E-013   4.59E-013        1.93        0.29
C3H3           9.56E-015   2.47E-014        2.58        0.41
C3H2D          4.00E-015   1.45E-014        3.63        0.56
C3HD2          1.02E-015   4.28E-015        4.20        0.62
C3D3           5.41E-017   0.00E+000    ********       83.73
HC3N           1.37E-013   1.33E-013        1.02        0.01
DC3N           2.31E-014   3.00E-014        1.30        0.11
NS             2.32E-013   3.25E-013        1.40        0.15
OCS            7.59E-010   6.60E-010        1.15        0.06
C3+            5.83E-021   4.01E-021        0.00        0.16
SiO+           1.78E-018   1.55E-018        1.15        0.06
SiC+           3.67E-023   3.99E-023        0.00        0.04
SiO            2.92E-009   2.90E-009        1.01        0.00
SiCH2+         2.44E-019   2.33E-019        1.04        0.02
SiCHD+         1.95E-021   1.27E-022        0.00        1.19
SiCD2+         1.93E-023   2.12E-023        0.00        0.04
C6H+           7.88E-021   1.16E-020        0.00        0.17
PH             6.16E-013   0.00E+000    ********       87.79
PD             1.18E-013   0.00E+000    ********       87.07
CP             3.46E-016   0.00E+000    ********       84.54
HCP            4.24E-013   0.00E+000    ********       87.63
DCP            6.79E-014   0.00E+000    ********       86.83
CH3CO+         3.86E-016   3.36E-016        1.15        0.06
CH2DCO+        1.15E-016   1.62E-016        1.41        0.15
CHD2CO+        3.44E-017   3.72E-017        1.08        0.03
CD3CO+         3.85E-018   4.96E-018        1.29        0.11
CH2CO+         3.58E-017   2.91E-017        1.23        0.09
CHDCO+         8.21E-018   1.25E-017        1.52        0.18
CD2CO+         1.07E-018   1.60E-018        1.49        0.17
H2CCCC         6.17E-013   9.86E-013        1.60        0.20
HDCCCC         1.77E-013   3.23E-013        1.83        0.26
D2CCCC         1.79E-014   4.28E-014        2.39        0.38
CH3CCH+        2.67E-020   6.78E-020        0.00        0.40
CH2DCCH+       5.16E-021   0.00E+000        0.00       79.71
CH3CCD+        1.72E-021   0.00E+000        0.00       79.24
CHD2CCH+       1.07E-021   0.00E+000        0.00       79.03
CH2DCCD+       1.07E-021   0.00E+000        0.00       79.03
CD3CCH+        7.88E-023   0.00E+000        0.00       77.90
CHD2CCD+       2.37E-022   0.00E+000        0.00       78.37
CD3CCD+        1.36E-023   0.00E+000        0.00       77.13
C3H5+          2.48E-019   2.04E-019        1.22        0.08
C3H4D+         6.64E-021   0.00E+000        0.00       79.82
C3H3D2+        1.93E-022   0.00E+000        0.00       78.28
C3H2D3+        4.09E-024   0.00E+000        0.00       76.61
C3HD4+         5.66E-026   0.00E+000        0.00       74.75
C3D5+          3.83E-028   0.00E+000        0.00       72.58
HC3NH+         3.42E-018   2.92E-018        1.17        0.07
DC3NH+         3.26E-019   3.53E-019        1.09        0.04
HC3ND+         3.26E-019   3.53E-019        1.09        0.04
DC3ND+         1.37E-019   1.46E-019        1.07        0.03
C3N+           5.03E-023   5.17E-023        0.00        0.01
CH3C3NH+       2.50E-020   0.00E+000        0.00       80.40
CH2DC3NH+      7.52E-022   0.00E+000        0.00       78.88
CH3C3ND+       2.51E-022   0.00E+000        0.00       78.40
CHD2C3NH+      1.49E-023   0.00E+000        0.00       77.17
CH2DC3ND+      1.49E-023   0.00E+000        0.00       77.17
CD3C3NH+       1.48E-024   0.00E+000        0.00       76.17
CHD2C3ND+      4.44E-024   0.00E+000        0.00       76.65
CD3C3ND+       4.00E-025   0.00E+000        0.00       75.60
HOCS+          4.01E-015   2.86E-015        1.40        0.15
DOCS+          9.33E-016   0.00E+000    ********       84.97
OCS+           1.04E-015   9.48E-016        1.10        0.04
O+             3.12E-015   3.13E-015        1.00        0.00
HCSi           1.77E-017   2.10E-017        1.19        0.07
DCSi           1.74E-019   1.54E-019        1.12        0.05
SiH            1.67E-016   2.10E-016        1.26        0.10
SiD            9.08E-020   1.71E-019        0.00        0.28
C6H2+          2.10E-020   2.79E-020        0.00        0.12
PO             8.83E-011   0.00E+000    ********       89.95
CCP+           2.51E-019   0.00E+000    ********       81.40
C5H            8.63E-017   1.66E-016        1.93        0.29
C5D            1.76E-015   4.36E-015        2.47        0.39
C4H3+          4.78E-018   5.92E-018        1.24        0.09
C4H2D+         1.03E-018   1.78E-018        1.73        0.24
C4HD2+         2.62E-019   4.67E-019        1.78        0.25
C4D3+          3.58E-020   5.57E-020        0.00        0.19
HC3N+          1.68E-020   2.16E-020        0.00        0.11
DC3N+          5.56E-022   8.12E-022        0.00        0.16
H3C5N+         1.34E-024   0.00E+000        0.00       76.13
CH3C3N+        7.61E-024   0.00E+000        0.00       76.88
CH2DC3N+       4.21E-025   0.00E+000        0.00       75.62
CHD2C3N+       3.60E-028   0.00E+000        0.00       72.56
CD3C3N+        7.86E-030   0.00E+000        0.00       70.90
SiN            8.11E-014   9.14E-014        1.13        0.05
SiC            7.12E-017   1.02E-016        1.44        0.16
C7+            9.63E-024   1.93E-023        0.00        0.30
C7H+           1.09E-020   2.01E-020        0.00        0.27
C6             1.65E-018   2.07E-018        1.26        0.10
PN             2.44E-009   0.00E+000    ********       91.39
CCP            3.53E-017   0.00E+000    ********       83.55
C5H2+          2.84E-020   5.38E-020        0.00        0.28
C5HD+          3.54E-020   7.65E-020        0.00        0.33
C5D2+          9.76E-021   0.00E+000        0.00       79.99
C5N            9.88E-019   1.75E-018        1.77        0.25
HC5N           1.11E-016   2.13E-016        1.92        0.28
H2C4N+         7.47E-024   0.00E+000        0.00       76.87
HDC4N+         5.60E-025   0.00E+000        0.00       75.75
D2C4N+         2.05E-028   0.00E+000        0.00       72.31
C8+            5.26E-023   1.03E-022        0.00        0.29
C6H            1.83E-017   3.79E-017        2.07        0.32
HPN+           6.35E-014   0.00E+000    ********       86.80
DPN+           1.22E-014   0.00E+000    ********       86.09
HC2P+          1.15E-019   0.00E+000    ********       81.06
DC2P+          1.55E-020   0.00E+000        0.00       80.19
PC3H+          6.39E-022   0.00E+000        0.00       78.81
PC3D+          3.43E-023   0.00E+000        0.00       77.54
C4N            1.07E-015   1.05E-015        1.02        0.01
H2C5N+         1.72E-020   2.94E-020        0.00        0.23
CH3C5NH+       1.79E-025   0.00E+000        0.00       75.25
C3N            6.27E-016   5.27E-016        1.19        0.08
HC4N+          7.19E-024   0.00E+000        0.00       76.86
DC4N+          8.39E-025   0.00E+000        0.00       75.92
C8H+           2.54E-025   4.83E-025        0.00        0.28
C7             1.89E-015   3.89E-015        2.06        0.31
HC2P           6.07E-019   0.00E+000    ********       81.78
DC2P           9.80E-020   0.00E+000        0.00       80.99
C3P            6.26E-020   0.00E+000        0.00       80.80
HC5N+          9.24E-026   8.14E-026        0.00        0.06
H3C7N+         2.20E-025   0.00E+000        0.00       75.34
C8H2+          5.15E-022   8.89E-022        0.00        0.24
C5N+           3.83E-026   2.52E-026        0.00        0.18
C7N            2.34E-021   0.00E+000        0.00       79.37
HC7N           5.29E-020   0.00E+000        0.00       80.72
C9+            1.81E-026   3.67E-026        0.00        0.31
C9H+           4.09E-024   8.45E-024        0.00        0.32
C7H            3.81E-019   9.60E-019        2.52        0.40
C8             2.77E-020   6.00E-020        0.00        0.34
H2C7N+         3.70E-024   0.00E+000        0.00       76.57
HC7N+          2.20E-025   0.00E+000        0.00       75.34
CH3C7NH+       8.65E-029   0.00E+000        0.00       71.94
C10+           2.06E-025   4.00E-025        0.00        0.29
C8H            1.58E-019   3.62E-019        2.30        0.36
C7N+           7.42E-028   0.00E+000        0.00       72.87
H3C9N+         1.80E-028   0.00E+000        0.00       72.25
C9             7.12E-019   1.72E-018        2.42        0.38
C9N            8.50E-025   0.00E+000        0.00       75.93
HC9N           2.14E-023   0.00E+000        0.00       77.33
H2C9N+         1.47E-027   0.00E+000        0.00       73.17
HC9N+          8.33E-029   0.00E+000        0.00       71.92
C9N+           2.79E-031   0.00E+000        0.00       69.45
CH3CHO         4.21E-013   9.21E-013        2.19        0.34
CF+            7.01E-013   6.15E-013        1.14        0.06
CH4+           9.97E-019   8.80E-019        1.13        0.05
CH3D+          3.57E-008   3.93E-008        1.10        0.04
CH2D2+         1.20E-008   1.43E-008        1.19        0.08
CHD3+          1.18E-009   1.45E-009        1.23        0.09
CD4+           3.62E-014   0.00E+000    ********       86.56
C2+            3.44E-020   3.48E-020        0.00        0.00
C2S+           3.75E-022   2.86E-022        0.00        0.12
C4S+           9.42E-021   6.73E-021        0.00        0.15
SO             4.74E-009   5.35E-009        1.13        0.05
SiC2+          4.24E-024   4.48E-024        0.00        0.02
SiH2+          1.22E-017   1.22E-017        1.00        0.00
SiHD+          1.06E-021   0.00E+000        0.00       79.02
SiD2+          6.82E-022   0.00E+000        0.00       78.83
H2CS+          5.52E-018   1.99E-018        2.77        0.44
HDCS+          1.18E-018   7.65E-019        1.54        0.19
D2CS+          7.78E-020   0.00E+000        0.00       80.89
C4N+           5.01E-021   4.99E-021        0.00        0.00
HCP+           3.38E-023   0.00E+000        0.00       77.53
DCP+           4.86E-024   0.00E+000        0.00       76.69
CH3CCH         5.74E-015   5.83E-015        1.02        0.01
CH2DCCH        1.29E-016   0.00E+000    ********       84.11
CH3CCD         4.30E-017   0.00E+000    ********       83.63
CHD2CCH        1.88E-018   0.00E+000    ********       82.28
CH2DCCD        1.88E-018   0.00E+000    ********       82.28
CD3CCH         1.34E-020   0.00E+000        0.00       80.13
CHD2CCD        4.03E-020   0.00E+000        0.00       80.61
CD3CCD         3.75E-022   0.00E+000        0.00       78.57
CH3C3N         4.09E-016   0.00E+000    ********       84.61
CH2DC3N        1.75E-010   0.00E+000    ********       90.24
CHD2C3N        4.11E-011   0.00E+000    ********       89.61
CD3C3N         5.00E-012   0.00E+000    ********       88.70
C4P            1.49E-019   0.00E+000    ********       81.17
SiC3+          1.15E-020   1.33E-020        0.00        0.06
PC4H+          2.10E-021   0.00E+000        0.00       79.32
PC4D+          3.92E-023   0.00E+000        0.00       77.59
CH3C5N         1.51E-021   0.00E+000        0.00       79.18
C7H5+          6.43E-024   0.00E+000        0.00       76.81
CH3C7N         7.08E-025   0.00E+000        0.00       75.85
CH3CHOH+       1.00E-016   1.62E-016        1.61        0.21
CH2DCHO        1.89E-013   4.28E-013        2.27        0.36
CH3CDO         6.29E-014   1.12E-013        1.78        0.25
CHD2CHO        2.18E-014   0.00E+000    ********       86.34
CH2DCDO        2.18E-014   0.00E+000    ********       86.34
CD3CHO         9.68E-016   0.00E+000    ********       84.99
CHD2CDO        2.90E-015   0.00E+000    ********       85.46
CD3CDO         1.73E-016   0.00E+000    ********       84.24
CH3CHO+        3.24E-018   4.81E-018        1.49        0.17
CH2DCHO+       1.37E-018   2.41E-018        1.76        0.24
CH3CDO+        4.59E-019   0.00E+000    ********       81.66
CHD2CHO+       1.52E-019   0.00E+000    ********       81.18
CH2DCDO+       1.52E-019   0.00E+000    ********       81.18
CD3CHO+        6.40E-021   0.00E+000        0.00       79.81
CHD2CDO+       1.91E-020   0.00E+000        0.00       80.28
CD3CDO+        1.08E-021   0.00E+000        0.00       79.03
CH2DCHOH+      2.37E-017   3.77E-017        1.60        0.20
CH3CDOH+       7.89E-018   1.31E-017        1.66        0.22
CH3CHOD+       7.89E-018   1.40E-017        1.78        0.25
CHD2CHOH+      2.70E-018   0.00E+000    ********       82.43
CH2DCDOH+      2.70E-018   0.00E+000    ********       82.43
CH2DCHOD+      2.70E-018   0.00E+000    ********       82.43
CH3CDOD+       9.02E-019   0.00E+000    ********       81.96
CD3CHOH+       1.15E-019   0.00E+000    ********       81.06
CHD2CDOH+      3.46E-019   0.00E+000    ********       81.54
CHD2CHOD+      3.46E-019   0.00E+000    ********       81.54
CH2DCDOD+      3.46E-019   0.00E+000    ********       81.54
CD3CDOH+       2.01E-020   0.00E+000        0.00       80.30
CD3CHOD+       2.01E-020   0.00E+000        0.00       80.30
CHD2CDOD+      6.03E-020   0.00E+000        0.00       80.78
CD3CDOD+       4.12E-021   0.00E+000        0.00       79.61
HC2S+          5.43E-017   3.29E-017        1.65        0.22
DC2S+          8.67E-018   5.45E-018        1.59        0.20
C2S            1.18E-012   9.47E-013        1.25        0.10
C3S            1.55E-013   1.13E-013        1.37        0.14
SiC2H+         1.59E-018   1.81E-018        1.14        0.06
SiC2D+         2.08E-019   2.52E-019        1.21        0.08
CP+            8.70E-027   0.00E+000        0.00       73.94
C4H3           6.76E-016   0.00E+000    ********       84.83
C4H2D          5.35E-017   0.00E+000    ********       83.73
C4HD2          7.55E-018   0.00E+000    ********       82.88
C4D3           5.65E-019   0.00E+000    ********       81.75
SiC2           1.72E-016   2.46E-016        1.43        0.16
C7H2           1.08E-017   2.83E-017        2.63        0.42
CH3C6H         3.56E-019   0.00E+000    ********       81.55
C3S+           3.89E-019   2.49E-019        1.56        0.19
HC3S+          9.53E-018   5.63E-018        1.69        0.23
DC3S+          9.51E-019   0.00E+000    ********       81.98
HC4S+          7.70E-020   6.25E-020        0.00        0.09
DC4S+          4.86E-021   0.00E+000        0.00       79.69
C5H2           6.81E-015   1.07E-014        1.57        0.20
C5HD           3.63E-015   6.41E-015        1.77        0.25
C5D2           4.52E-016   9.80E-016        2.17        0.34
SiC2H2+        7.86E-020   7.75E-020        0.00        0.01
SiC2HD+        2.34E-020   3.57E-020        0.00        0.18
SiC2D2+        3.03E-021   3.82E-021        0.00        0.10
SiC4+          2.42E-021   3.79E-021        0.00        0.19
C7H3+          3.23E-022   6.61E-022        0.00        0.31
CH3C6H+        3.00E-024   0.00E+000        0.00       76.48
C8H2           1.00E-018   2.45E-018        2.45        0.39
C4S            8.20E-016   8.29E-016        1.01        0.00
C5H5+          8.69E-021   0.00E+000        0.00       79.94
C5H4D+         0.00E+000   0.00E+000        0.00        -Inf
C5H3D2+        0.00E+000   0.00E+000        0.00        -Inf
C5H2D3+        0.00E+000   0.00E+000        0.00        -Inf
C5HD4+         0.00E+000   0.00E+000        0.00        -Inf
C5D5+          0.00E+000   0.00E+000        0.00        -Inf
CH3C4H+        3.98E-021   0.00E+000        0.00       79.60
CH2DC4H+       6.95E-022   0.00E+000        0.00       78.84
CH3C4D+        2.32E-022   0.00E+000        0.00       78.36
CHD2C4H+       1.15E-022   0.00E+000        0.00       78.06
CH2DC4D+       1.15E-022   0.00E+000        0.00       78.06
CD3C4H+        6.82E-024   0.00E+000        0.00       76.83
CHD2C4D+       2.05E-023   0.00E+000        0.00       77.31
CD3C4D+        1.32E-024   0.00E+000        0.00       76.12
C5H3+          1.30E-019   1.79E-019        1.37        0.14
C5H2D+         3.58E-020   5.72E-020        0.00        0.20
C5HD2+         1.17E-020   2.63E-020        0.00        0.35
C5D3+          1.98E-021   3.45E-021        0.00        0.24
C6H3+          2.29E-020   4.27E-020        0.00        0.27
SiC3H+         1.61E-018   2.13E-018        1.32        0.12
SiC3D+         1.84E-019   2.81E-019        1.53        0.18
SiC2H          1.48E-015   1.73E-015        1.17        0.07
SiC2D          1.92E-016   3.75E-016        1.95        0.29
SiCH3+         5.15E-021   5.28E-021        0.00        0.01
SiCH2D+        2.55E-021   3.16E-021        0.00        0.09
SiCHD2+        6.36E-022   8.09E-022        0.00        0.10
SiCD3+         7.11E-023   1.04E-022        0.00        0.16
SiC3           6.29E-017   1.05E-016        1.67        0.22
C6H2           2.91E-015   6.00E-015        2.06        0.31
C9H            1.32E-022   0.00E+000        0.00       78.12
C8H3+          8.10E-024   1.72E-023        0.00        0.33
C9H3+          2.46E-025   0.00E+000        0.00       75.39
CH3C4H         5.54E-016   0.00E+000    ********       84.74
CH2DC4H        0.00E+000   0.00E+000        0.00        -Inf
CH3C4D         0.00E+000   0.00E+000        0.00        -Inf
CHD2C4H        0.00E+000   0.00E+000        0.00        -Inf
CH2DC4D        0.00E+000   0.00E+000        0.00        -Inf
CD3C4H         0.00E+000   0.00E+000        0.00        -Inf
CHD2C4D        0.00E+000   0.00E+000        0.00        -Inf
CD3C4D         0.00E+000   0.00E+000        0.00        -Inf
C7H2+          7.76E-024   0.00E+000        0.00       76.89
SiC2H3+        1.07E-019   1.11E-019        1.03        0.01
SiC2H2D+       2.98E-020   3.56E-020        0.00        0.08
SiC2HD2+       4.98E-021   6.93E-021        0.00        0.14
SiC2D3+        5.29E-022   6.95E-022        0.00        0.12
SiCH2          4.78E-016   5.82E-016        1.22        0.09
SiCHD          1.41E-016   2.38E-016        1.69        0.23
SiCD2          1.81E-017   3.63E-017        2.00        0.30
SiC4H+         5.18E-025   5.54E-025        0.00        0.03
SiC4D+         3.69E-026   0.00E+000        0.00       74.57
SiC3H2+        1.10E-021   2.46E-021        0.00        0.35
SiC3HD+        2.69E-022   0.00E+000        0.00       78.43
SiC3D2+        4.03E-023   0.00E+000        0.00       77.61
C6H4+          1.05E-021   1.69E-021        0.00        0.21
C10            2.25E-028   0.00E+000        0.00       72.35
C9H2+          1.08E-026   0.00E+000        0.00       74.03
C9H2           7.96E-021   0.00E+000        0.00       79.90
SiC2H2         1.24E-015   1.47E-015        1.18        0.07
SiC2HD         2.89E-016   4.33E-016        1.50        0.18
SiC2D2         2.85E-017   5.61E-017        1.96        0.29
SiCH4+         6.40E-021   6.80E-021        0.00        0.03
SiCH3D+        2.61E-021   3.51E-021        0.00        0.13
SiCH2D2+       1.19E-021   1.98E-021        0.00        0.22
SiCHD3+        1.50E-022   2.81E-022        0.00        0.27
SiCD4+         2.42E-024   6.25E-024        0.00        0.41
SiC4           1.94E-023   2.41E-023        0.00        0.09
SiC3H          1.09E-017   3.01E-017        2.75        0.44
SiC3D          2.77E-018   0.00E+000    ********       82.44
C9H4+          2.35E-026   0.00E+000        0.00       74.37
SiCH3          1.96E-016   2.86E-016        1.46        0.16
SiCH2D         1.05E-016   1.95E-016        1.85        0.27
SiCHD2         2.93E-017   6.46E-017        2.20        0.34
SiCD3          1.65E-018   4.26E-018        2.58        0.41
CO2+           2.94E-019   3.72E-019        1.26        0.10
SiNC+          3.25E-016   3.56E-016        1.10        0.04
PN+            1.59E-015   0.00E+000    ********       85.20
H2CCC          4.27E-014   6.49E-014        1.52        0.18
HDCCC          4.04E-015   7.82E-015        1.93        0.29
D2CCC          5.05E-017   0.00E+000    ********       83.70
SiN+           1.01E-016   1.30E-016        1.28        0.11
S2+            5.32E-017   0.00E+000    ********       83.73
SiNH2+         2.50E-015   2.63E-015        1.05        0.02
SiNHD+         3.62E-016   0.00E+000    ********       84.56
SiND2+         3.28E-017   0.00E+000    ********       83.52
SiNCH+         6.31E-021   7.09E-021        0.00        0.05
SiNCD+         1.00E-021   0.00E+000        0.00       79.00
HNSi           7.13E-011   9.74E-011        1.37        0.14
DNSi           5.67E-012   0.00E+000    ********       88.75
SiNC           1.01E-018   1.23E-018        1.22        0.09
NH2CN          1.30E-010   1.69E-010        1.30        0.12
NHDCN          2.02E-011   4.39E-011        2.17        0.34
ND2CN          1.78E-012   4.39E-012        2.47        0.39
SiF+           4.90E-015   4.10E-015        1.19        0.08
PCH4+          1.63E-020   0.00E+000        0.00       80.21
C4H4+          5.06E-021   0.00E+000        0.00       79.70
C4H3D+         5.73E-023   0.00E+000        0.00       77.76
C4H2D2+        1.41E-023   0.00E+000        0.00       77.15
C4HD3+         2.27E-024   0.00E+000        0.00       76.36
C4D4+          1.01E-025   0.00E+000        0.00       75.00
C6H7+          2.00E-023   0.00E+000        0.00       77.30
NH2CNH+        1.00E-015   1.15E-015        1.15        0.06
NHDCNH+        2.55E-016   4.18E-016        1.64        0.22
NH2CND+        1.27E-016   1.83E-016        1.43        0.16
ND2CNH+        2.55E-017   3.77E-017        1.48        0.17
NHDCND+        5.09E-017   7.54E-017        1.48        0.17
ND2CND+        7.66E-018   1.27E-017        1.65        0.22
PCH3D+         7.56E-021   0.00E+000        0.00       79.88
PCH2D2+        2.72E-021   0.00E+000        0.00       79.44
PCHD3+         4.01E-022   0.00E+000        0.00       78.60
PCD4+          1.32E-023   0.00E+000        0.00       77.12
CH2PH          6.37E-019   0.00E+000    ********       81.80
CHDPH          1.64E-019   0.00E+000    ********       81.21
CH2PD          8.20E-020   0.00E+000        0.00       80.91
CD2PH          1.94E-020   0.00E+000        0.00       80.29
CHDPD          3.88E-020   0.00E+000        0.00       80.59
CD2PD          3.97E-021   0.00E+000        0.00       79.60
C6H6           2.16E-018   0.00E+000    ********       82.34
C6H5+          7.95E-026   0.00E+000        0.00       74.90
PH2            2.26E-016   0.00E+000    ********       84.35
PHD            3.21E-017   0.00E+000    ********       83.51
PD2            1.47E-020   0.00E+000        0.00       80.17
C6H6+          4.10E-022   0.00E+000        0.00       78.61
HPO            9.26E-016   0.00E+000    ********       84.97
DPO            7.72E-017   0.00E+000    ********       83.89
PH3+           2.10E-017   0.00E+000    ********       83.32
PH2D+          4.81E-018   0.00E+000    ********       82.68
PHD2+          1.60E-021   0.00E+000        0.00       79.20
PD3+           2.69E-022   0.00E+000        0.00       78.43
H2PO+          1.02E-017   0.00E+000    ********       83.01
HDPO+          2.15E-018   0.00E+000    ********       82.33
D2PO+          1.06E-019   0.00E+000    ********       81.02
HNO+           1.24E-012   0.00E+000    ********       88.09
DNO+           2.97E-013   0.00E+000    ********       87.47
C3O            1.35E-012   0.00E+000    ********       88.13
C2H5OH2+       9.29E-019   0.00E+000    ********       81.97
CH2CN+         2.87E-017   2.39E-017        1.20        0.08
CHDCN+         4.99E-018   8.32E-018        1.67        0.22
CD2CN+         4.28E-019   6.55E-019        1.53        0.19
SO2            3.78E-009   5.43E-009        1.44        0.16
PC2H2+         2.19E-020   0.00E+000        0.00       80.34
PC2HD+         7.03E-021   0.00E+000        0.00       79.85
PC2D2+         6.51E-022   0.00E+000        0.00       78.81
HSO+           1.72E-013   1.78E-013        1.03        0.01
DSO+           4.03E-014   3.97E-014        1.02        0.01
C8H5+          4.11E-027   0.00E+000        0.00       73.61
HC3O+          6.23E-017   0.00E+000    ********       83.79
DC3O+          5.42E-018   0.00E+000    ********       82.73
C2H5OH         5.67E-015   0.00E+000    ********       85.75
HSO2+          3.78E-014   5.32E-014        1.41        0.15
DSO2+          6.87E-015   0.00E+000    ********       85.84
SO2+           3.01E-017   3.22E-017        1.07        0.03
C2H5OH+        5.71E-020   0.00E+000        0.00       80.76
C2H5           9.46E-019   0.00E+000    ********       81.98
C2H4D          0.00E+000   0.00E+000        0.00        -Inf
C2H3D2         0.00E+000   0.00E+000        0.00        -Inf
C2H2D3         0.00E+000   0.00E+000        0.00        -Inf
C2HD4          0.00E+000   0.00E+000        0.00        -Inf
C2D5           0.00E+000   0.00E+000        0.00        -Inf
PCH3+          2.91E-019   0.00E+000    ********       81.46
PCH2D+         1.34E-019   0.00E+000    ********       81.13
PCHD2+         3.17E-020   0.00E+000        0.00       80.50
PCD3+          2.17E-021   0.00E+000        0.00       79.34
H3C3O+         1.17E-017   0.00E+000    ********       83.07
H2DC3O+        4.04E-018   0.00E+000    ********       82.61
HD2C3O+        1.05E-018   0.00E+000    ********       82.02
D3C3O+         6.73E-020   0.00E+000        0.00       80.83
N2H+           0.00E+000   0.00E+000        0.00        -Inf
N2D+           0.00E+000   0.00E+000        0.00        -Inf
