H              7.703837E-006   7.102968E-006       -0.08        1.08        0.04 *
CH             2.326011E-012   2.903330E-012        0.25        1.25        0.10
C              1.556659E-011   1.913345E-011        0.23        1.23        0.09
H2             4.999959E-001   4.999962E-001        0.00        1.00        0.00
CH2            1.514280E-012   1.758796E-012        0.16        1.16        0.07
NH             3.140236E-010   2.443373E-010       -0.22        1.29        0.11
N              2.049305E-007   9.495173E-008       -0.54        2.16        0.33
CH3            1.539407E-012   1.281824E-012       -0.17        1.20        0.08
NH2            1.113214E-010   1.444889E-010        0.30        1.30        0.11
CH4            3.655965E-008   5.657306E-008        0.55        1.55        0.19 *
OH             9.486855E-009   8.186383E-009       -0.14        1.16        0.06 *
O              2.038349E-005   2.315593E-005        0.14        1.14        0.06
NH3            1.901578E-008   2.034501E-008        0.07        1.07        0.03 *
H2O            1.291706E-007   8.430985E-008       -0.35        1.53        0.19 *
C2             1.600469E-013   2.230112E-013        0.39        1.39        0.14
C2H2           4.246416E-010   7.074667E-010        0.67        1.67        0.22
C2H            5.921116E-012   1.057286E-011        0.79        1.79        0.25
HCN            2.600762E-010   2.478345E-010       -0.05        1.05        0.02 *
CN             1.091292E-012   1.539546E-012        0.41        1.41        0.15
C2H3           5.952637E-015   1.132099E-014        0.90        1.90        0.28
CO             7.289366E-005   7.281398E-005       -0.00        1.00        0.00 *
H2CN           2.700813E-015   0.000000E+000       -1.00    ********       85.43
HCO            1.680342E-012   1.139042E-012       -0.32        1.48        0.17
NO             5.096210E-007   9.462896E-007        0.86        1.86        0.27
H2CO           2.006157E-012   1.694909E-012       -0.16        1.18        0.07 *
HNO            1.384230E-010   1.810486E-010        0.31        1.31        0.12
O2             4.095926E-005   3.935798E-005       -0.04        1.04        0.02
O2H            5.281440E-010   2.290285E-009        3.34        4.34        0.64 *
HS             2.441987E-012   2.278827E-012       -0.07        1.07        0.03
S              1.034602E-008   6.719856E-009       -0.35        1.54        0.19
H2O2           1.227740E-141   4.473104E-141        0.00        0.00      -40.35 *
H2S            2.308383E-011   1.936439E-011       -0.16        1.19        0.08 *
OCN            1.241337E-010   1.675805E-010        0.35        1.35        0.13
CH2CO          5.810247E-012   6.604976E-012        0.14        1.14        0.06
CO2            6.500508E-008   1.242334E-007        0.91        1.91        0.28
N2O            9.412223E-010   0.000000E+000       -1.00    ********       90.97
N2             1.032993E-005   1.016841E-005       -0.02        1.02        0.01
NO2            1.573064E-009   0.000000E+000       -1.00    ********       91.20
NS             1.648690E-013   8.025113E-014       -0.51        2.05        0.31
SO             5.131182E-009   7.495177E-009        0.46        1.46        0.16
NCCN           3.106557E-014   0.000000E+000       -1.00    ********       86.49
OCS            4.648980E-010   2.540960E-010       -0.45        1.83        0.26
S2             3.550906E-015   0.000000E+000       -1.00    ********       85.55
F              1.319924E-008   1.432102E-008        0.08        1.08        0.04
HF             6.796173E-009   5.672308E-009       -0.17        1.20        0.08
HNC            4.887551E-010   4.907582E-010        0.00        1.00        0.00 *
C3             7.245351E-013   6.552346E-013       -0.10        1.11        0.04
C3H            4.013512E-014   4.233793E-014        0.05        1.05        0.02
C3H2           9.240737E-012   8.367639E-012       -0.09        1.10        0.04
C2N            1.822786E-013   0.000000E+000       -1.00    ********       87.26
C2H4           1.048615E-011   1.438371E-011        0.37        1.37        0.14
C3H3           3.481824E-014   4.747251E-013       12.63       13.63        1.13
C2O            1.586085E-014   0.000000E+000       -1.00    ********       86.20
SiH            2.500114E-016   0.000000E+000       -1.00    ********       84.40
SiC            1.288724E-016   0.000000E+000       -1.00    ********       84.11
C2H5           2.017246E-018   0.000000E+000       -1.00        0.00       82.30
CH3CCH         1.214742E-013   7.335919E-013        5.04        6.04        0.78
SiH2           2.270308E-018   0.000000E+000       -1.00        0.00       82.36
HCSi           2.051345E-017   0.000000E+000       -1.00        0.00       83.31
SiH3           7.172373E-022   0.000000E+000       -1.00        0.00       78.86
SiCH2          1.073990E-015   0.000000E+000       -1.00    ********       85.03
PH             2.361904E-012   0.000000E+000       -1.00    ********       88.37
CP             2.153296E-015   0.000000E+000       -1.00    ********       85.33
CS             6.691666E-011   4.295089E-011       -0.36        1.56        0.19
C4             8.338212E-018   2.038613E-017        1.44        0.00        0.39
C4H            1.709070E-014   1.791932E-014        0.05        1.05        0.02
H2CCC          2.881648E-014   0.000000E+000       -1.00    ********       86.46
H2CCCC         6.668753E-013   1.541008E-012        1.31        2.31        0.36
CH2CN          1.707393E-012   3.181686E-012        0.86        1.86        0.27
HC3N           4.968752E-014   1.425118E-013        1.87        2.87        0.46
C4H3           9.547312E-015   0.000000E+000       -1.00    ********       85.98
HPO            1.251224E-014   0.000000E+000       -1.00    ********       86.10
C5             9.419704E-015   1.416519E-014        0.50        1.50        0.18
C3N            3.033417E-016   0.000000E+000       -1.00    ********       84.48
C5H            9.568332E-017   1.086263E-016        0.14        0.00        0.06
C3O            1.395814E-011   0.000000E+000       -1.00    ********       89.14
C5H2           2.614266E-015   1.566867E-015       -0.40        1.67        0.22
C6             6.314525E-019   3.231993E-019       -0.49        0.00        0.29
C6H            1.234477E-017   1.389163E-017        0.13        0.00        0.05
CH3C4H         1.207973E-015   0.000000E+000       -1.00    ********       85.08
C6H2           6.010007E-016   6.352988E-016        0.06        1.06        0.02
SO2            3.942282E-009   5.433083E-009        0.38        1.38        0.14
C7             1.186697E-016   4.744866E-017       -0.60        2.50        0.40
C5N            9.646792E-019   0.000000E+000       -1.00        0.00       81.98
C7H            1.372818E-019   1.185693E-019       -0.14        0.00        0.06
C8             2.121180E-021   6.723769E-022       -0.68        0.00        0.50
C7H2           2.500324E-018   1.499394E-018       -0.40        0.00        0.22
C8H            1.455180E-020   7.422731E-021       -0.49        0.00        0.29
CH3C6H         5.784868E-019   0.000000E+000       -1.00        0.00       81.76
C8H2           1.773516E-019   2.076032E-019        0.17        0.00        0.07
C9             3.818436E-020   1.614960E-020       -0.58        0.00        0.37
C7N            1.580731E-021   0.000000E+000       -1.00        0.00       79.20
C9H            1.125804E-022   0.000000E+000       -1.00        0.00       78.05
C10            1.719468E-028   0.000000E+000       -1.00        0.00       72.24
C9N            8.130498E-025   0.000000E+000       -1.00        0.00       75.91
CH2NH          2.303724E-012   0.000000E+000       -1.00    ********       88.36
CH3OH          3.759791E-014   4.743156E-014        0.26        1.26        0.10 *
SiN            8.263854E-014   0.000000E+000       -1.00    ********       86.92
HNSi           1.941807E-011   0.000000E+000       -1.00    ********       89.29
PN             1.550199E-009   0.000000E+000       -1.00    ********       91.19
Si             1.161965E-012   3.000000E-009     2580.83     2581.83        3.41
P              1.174036E-009   3.000000E-009        1.56        2.56        0.41
HCS            1.194312E-015   7.956556E-016       -0.33        1.50        0.18
PO             2.710327E-010   0.000000E+000       -1.00    ********       90.43
C4N            4.223289E-016   0.000000E+000       -1.00    ********       84.63
HC5N           1.716759E-017   0.000000E+000       -1.00        0.00       83.23
HC7N           4.023820E-020   0.000000E+000       -1.00        0.00       80.60
HOCH           2.084665E-044   0.000000E+000       -1.00        0.00       56.32
H2CS           1.029810E-011   1.072729E-011        0.04        1.04        0.02
CH3CHO         7.877483E-013   1.498423E-012        0.90        1.90        0.28
SiO            2.940148E-009   0.000000E+000       -1.00    ********       91.47
H2SiO          1.051716E-017   0.000000E+000       -1.00        0.00       83.02
SiH4           9.674350E-019   0.000000E+000       -1.00        0.00       81.99
PH2            4.476686E-015   0.000000E+000       -1.00    ********       85.65
HCP            8.124494E-013   0.000000E+000       -1.00    ********       87.91
CH2PH          3.393045E-017   0.000000E+000       -1.00        0.00       83.53
CCl            4.379683E-016   0.000000E+000       -1.00    ********       84.64
Cl             2.310816E-009   3.000000E-009        0.30        1.30        0.11
ClO            0.000000E+000   0.000000E+000        0.00        0.00        -Inf
SiNC           3.338270E-019   0.000000E+000       -1.00        0.00       81.52
SiC2           3.196187E-016   0.000000E+000       -1.00    ********       84.50
CCP            1.132245E-016   0.000000E+000       -1.00    ********       84.05
HC2P           1.138651E-017   0.000000E+000       -1.00        0.00       83.06
SiC3           4.208892E-017   0.000000E+000       -1.00        0.00       83.62
C3P            3.817808E-019   0.000000E+000       -1.00        0.00       81.58
SiC4           1.334797E-022   0.000000E+000       -1.00        0.00       78.13
C4P            6.795638E-019   0.000000E+000       -1.00        0.00       81.83
CH3CH3         1.498579E-021   0.000000E+000       -1.00        0.00       79.18
HCOOH          8.944389E-010   0.000000E+000       -1.00    ********       90.95
SiO2           3.493894E-011   0.000000E+000       -1.00    ********       89.54
NH2CN          7.861336E-012   0.000000E+000       -1.00    ********       88.90
C2S            6.945171E-013   3.931167E-013       -0.43        1.77        0.25
C3S            3.872000E-014   1.728846E-014       -0.55        2.24        0.35
C9H2           2.432135E-021   0.000000E+000       -1.00        0.00       79.39
CH2CHCN        1.159148E-017   0.000000E+000       -1.00        0.00       83.06
HC9N           1.260155E-023   0.000000E+000       -1.00        0.00       77.10
SiC2H2         3.201373E-015   0.000000E+000       -1.00    ********       85.51
HeH+           6.898086E-016   6.879658E-016       -0.00        1.00        0.00
He             1.400000E-001   1.400000E-001       -0.00        1.00        0.00
H2+            2.842622E-014   2.835002E-014       -0.00        1.00        0.00
CH+            4.440311E-019   7.028678E-019        0.58        0.00        0.20
C+             6.475558E-011   7.501984E-011        0.16        1.16        0.06
H+             7.297799E-012   6.765320E-012       -0.07        1.08        0.03
CH2+           2.923023E-017   3.276849E-017        0.12        0.00        0.05
CH3+           1.925723E-013   2.245620E-013        0.17        1.17        0.07
CH4+           4.277143E-018   0.000000E+000       -1.00        0.00       82.63
CH5+           3.844073E-013   5.579672E-013        0.45        1.45        0.16
H-             2.160567E-013   0.000000E+000       -1.00    ********       87.33
OH-            1.105735E-014   0.000000E+000       -1.00    ********       86.04
C2+            3.312130E-020   0.000000E+000       -1.00        0.00       80.52
CN-            2.166315E-017   0.000000E+000       -1.00        0.00       83.34
C2H2+          1.936094E-016   3.018229E-016        0.56        1.56        0.19
C2H3+          8.541301E-014   3.089610E-013        2.62        3.62        0.56
C2H4+          2.525242E-015   7.705262E-015        2.05        3.05        0.48
CO+            1.378344E-015   1.509680E-015        0.10        1.10        0.04
NH2+           1.632826E-015   1.939909E-015        0.19        1.19        0.07
C2H5+          1.222060E-015   4.178541E-015        2.42        3.42        0.53
Si+            1.865771E-012   0.000000E+000       -1.00    ********       88.27
SiH+           1.386453E-016   0.000000E+000       -1.00    ********       84.14
HCO+           1.377595E-009   2.360948E-009        0.71        1.71        0.23 *
CH3CH3+        2.985451E-022   0.000000E+000       -1.00        0.00       78.48
NO+            5.479470E-012   1.214612E-011        1.22        2.22        0.35
SiH2+          8.173477E-017   0.000000E+000       -1.00        0.00       83.91
H3CO+          5.344975E-015   0.000000E+000       -1.00    ********       85.73
SiH3+          1.518518E-018   0.000000E+000       -1.00        0.00       82.18
S+             6.380731E-012   6.553772E-012        0.03        1.03        0.01
HS+            4.273459E-013   4.311811E-013        0.01        1.01        0.00
H2S+           3.667552E-015   5.133276E-015        0.40        1.40        0.15
H3S+           5.032097E-014   8.662690E-014        0.72        1.72        0.24
C3+            2.485843E-020   0.000000E+000       -1.00        0.00       80.40
C3H+           2.438589E-018   4.331347E-018        0.78        0.00        0.25
C3H2+          3.515903E-016   9.056625E-016        1.58        2.58        0.41
CH3CCH+        2.477901E-018   8.798844E-017       34.51        0.00        1.55
C3H3+          5.146165E-015   1.075419E-014        1.09        2.09        0.32
H2C3H+         3.929605E-015   9.304478E-015        1.37        2.37        0.37
SiC+           4.193980E-023   0.000000E+000       -1.00        0.00       77.62
CH3CN          1.401300E-013   1.871140E-013        0.34        1.34        0.13 *
CH2CN+         9.513770E-017   2.428144E-016        1.55        0.00        0.41
HCSi+          5.238030E-023   0.000000E+000       -1.00        0.00       77.72
SiN+           1.512964E-016   0.000000E+000       -1.00    ********       84.18
SiCH3          3.581632E-016   0.000000E+000       -1.00    ********       84.55
SiCH2+         1.090055E-018   0.000000E+000       -1.00        0.00       82.04
C3H7+          2.406158E-030   0.000000E+000       -1.00        0.00       70.38
C3H6+          4.864444E-032   0.000000E+000       -1.00        0.00       68.69
CO2+           4.040604E-019   0.000000E+000       -1.00        0.00       81.61
HN2+           3.018085E-011   3.933145E-011        0.30        1.30        0.12 *
CS+            1.794514E-018   1.355910E-019       -0.92        0.00        1.12
NO2+           2.500535E-018   0.000000E+000       -1.00        0.00       82.40
SiOH+          2.316608E-012   0.000000E+000       -1.00    ********       88.36
C4+            2.349433E-020   1.620839E-020       -0.31        0.00        0.16
C4H+           7.134835E-020   5.894424E-020       -0.17        0.00        0.08
C4H2+          3.956163E-016   4.807471E-016        0.22        1.22        0.08
C2N2+          3.617287E-027   0.000000E+000       -1.00        0.00       73.56
HCN+           1.163218E-018   0.000000E+000       -1.00        0.00       82.07
HC3NH+         2.512227E-017   1.532306E-016        5.10        0.00        0.79
SiC2H          4.434388E-015   0.000000E+000       -1.00    ********       85.65
SiC2+          1.589066E-023   0.000000E+000       -1.00        0.00       77.20
SiC2H+         1.498452E-017   0.000000E+000       -1.00        0.00       83.18
SiS+           2.952776E-017   0.000000E+000       -1.00        0.00       83.47
C5+            1.576123E-023   1.805233E-023        0.15        0.00        0.06
C5H+           2.428271E-018   8.889018E-018        2.66        0.00        0.56
SO2+           3.204249E-017   0.000000E+000       -1.00        0.00       83.51
SO+            1.370186E-012   2.055102E-012        0.50        1.50        0.18
C5H3+          1.107993E-018   1.568008E-018        0.42        0.00        0.15
CH3C3N         1.658006E-016   0.000000E+000       -1.00    ********       84.22
SiC3H          1.873860E-017   0.000000E+000       -1.00        0.00       83.27
SiC3+          1.168482E-019   0.000000E+000       -1.00        0.00       81.07
C6+            5.640935E-023   5.966444E-023        0.06        0.00        0.02
C6H+           3.444367E-021   2.478369E-021       -0.28        0.00        0.14
C6H6+          4.450853E-022   0.000000E+000       -1.00        0.00       78.65
C6H5+          3.205846E-025   0.000000E+000       -1.00        0.00       75.51
C7+            1.949030E-024   2.345157E-024        0.20        0.00        0.08
C7H+           1.232981E-020   1.111130E-020       -0.10        0.00        0.05
C7H3+          1.385625E-021   2.321094E-021        0.68        0.00        0.22
CH3C5N         2.886865E-022   0.000000E+000       -1.00        0.00       78.46
C8+            3.571074E-024   1.514821E-024       -0.58        0.00        0.37
C8H+           1.835227E-026   7.119661E-027       -0.61        0.00        0.41
C9+            2.920245E-027   3.552277E-027        0.22        0.00        0.09
C9H+           3.884805E-024   3.693849E-024       -0.05        0.00        0.02
CH3C7N         6.656890E-025   0.000000E+000       -1.00        0.00       75.82
H3+            1.707236E-010   1.805243E-010        0.06        1.06        0.02
He+            2.416940E-011   2.682796E-011        0.11        1.11        0.05
NH+            3.373743E-016   4.091995E-016        0.21        1.21        0.08
N+             3.554846E-014   3.671949E-014        0.03        1.03        0.01
OH+            1.139405E-014   1.313078E-014        0.15        1.15        0.06
O+             3.224933E-015   3.520161E-015        0.09        1.09        0.04
O-             8.818975E-019   0.000000E+000       -1.00        0.00       81.95
NH3+           2.091677E-012   2.615713E-012        0.25        1.25        0.10
H2O+           2.209849E-014   2.076965E-014       -0.06        1.06        0.03
NH4+           1.013892E-011   2.282037E-011        1.25        2.25        0.35
H3O+           5.247135E-010   8.110867E-010        0.55        1.55        0.19
F+             1.394018E-017   0.000000E+000       -1.00        0.00       83.14
HF+            4.074772E-018   0.000000E+000       -1.00        0.00       82.61
H2F+           1.981798E-012   2.678618E-012        0.35        1.35        0.13
C2H+           5.417034E-020   3.020488E-020       -0.44        0.00        0.25
CN+            2.576980E-019   0.000000E+000       -1.00        0.00       81.41
HCNH+          1.327037E-012   2.743883E-012        1.07        2.07        0.32
HOC+           4.794618E-015   5.079646E-015        0.06        1.06        0.03
N2+            1.598162E-016   0.000000E+000       -1.00    ********       84.20
HNO+           4.518954E-012   0.000000E+000       -1.00    ********       88.66
O2H+           1.438114E-016   0.000000E+000       -1.00    ********       84.16
SiH4+          2.166668E-029   0.000000E+000       -1.00        0.00       71.34
SiH5+          3.370363E-022   0.000000E+000       -1.00        0.00       78.53
Cl+            8.772371E-019   0.000000E+000       -1.00        0.00       81.94
HCl+           1.283421E-018   0.000000E+000       -1.00        0.00       82.11
H2Cl+          3.663541E-014   0.000000E+000       -1.00    ********       86.56
CH3CN+         1.538145E-020   2.965024E-020        0.93        0.00        0.29
CH3CNH+        9.464770E-016   2.649127E-015        1.80        2.80        0.45
CP+            3.397108E-025   0.000000E+000       -1.00        0.00       75.53
HCP+           7.373443E-023   0.000000E+000       -1.00        0.00       77.87
HNSi+          6.469051E-022   0.000000E+000       -1.00        0.00       78.81
SiNH2+         1.379539E-014   0.000000E+000       -1.00    ********       86.14
PCH2+          2.078309E-016   0.000000E+000       -1.00    ********       84.32
HCO2+          5.017727E-013   1.088395E-012        1.17        2.17        0.34
HCS+           2.306924E-014   2.170944E-014       -0.06        1.06        0.03
SiO+           2.009566E-018   0.000000E+000       -1.00        0.00       82.30
C3N+           1.568406E-023   0.000000E+000       -1.00        0.00       77.20
HC3N+          7.389855E-021   0.000000E+000       -1.00        0.00       79.87
NCCNH+         2.879234E-018   0.000000E+000       -1.00        0.00       82.46
C3O+           3.900948E-021   0.000000E+000       -1.00        0.00       79.59
HC3O+          1.613839E-014   0.000000E+000       -1.00    ********       86.21
H3C3N+         4.064908E-022   0.000000E+000       -1.00        0.00       78.61
H4C3N+         1.127611E-020   0.000000E+000       -1.00        0.00       80.05
C2S+           2.930065E-022   0.000000E+000       -1.00        0.00       78.47
HC2S+          7.527026E-016   1.212742E-015        0.61        1.61        0.21
C5H2+          1.406503E-019   0.000000E+000       -1.00        0.00       81.15
C4N+           1.584151E-021   0.000000E+000       -1.00        0.00       79.20
HC4N+          6.693934E-024   0.000000E+000       -1.00        0.00       76.83
H2C4N+         6.700689E-024   0.000000E+000       -1.00        0.00       76.83
HSO2+          2.391214E-013   6.485392E-013        1.71        2.71        0.43
CH3C3N+        6.700525E-024   0.000000E+000       -1.00        0.00       76.83
CH3C3NH+       1.266860E-019   0.000000E+000       -1.00        0.00       81.10
C6H2+          4.863445E-020   4.715085E-020       -0.03        0.00        0.01
C5N+           1.326994E-025   0.000000E+000       -1.00        0.00       75.12
HC5N+          2.557188E-025   0.000000E+000       -1.00        0.00       75.41
H2C5N+         7.962530E-020   0.000000E+000       -1.00        0.00       80.90
C7H2+          6.899088E-023   0.000000E+000       -1.00        0.00       77.84
C8H2+          1.831301E-022   1.041932E-022       -0.43        0.00        0.24
C7N+           6.737955E-028   0.000000E+000       -1.00        0.00       72.83
HC7N+          2.155211E-025   0.000000E+000       -1.00        0.00       75.33
H2C7N+         3.569412E-023   0.000000E+000       -1.00        0.00       77.55
C9H2+          8.523404E-026   0.000000E+000       -1.00        0.00       74.93
C9N+           2.122956E-031   0.000000E+000       -1.00        0.00       69.33
HC9N+          7.122458E-029   0.000000E+000       -1.00        0.00       71.85
H2C9N+         1.237341E-026   0.000000E+000       -1.00        0.00       74.09
Na             1.840496E-010   3.000000E-009       15.30       16.30        1.21
Na+            2.815950E-009   0.000000E+000       -1.00    ********       91.45
Mg             3.072991E-010   8.033646E-011       -0.74        3.83        0.58
Mg+            2.692701E-009   2.919664E-009        0.08        1.08        0.04
H2CO+          5.854633E-015   1.255253E-014        1.14        2.14        0.33
PH+            4.731458E-014   0.000000E+000       -1.00    ********       86.67
H2NO+          1.561306E-014   0.000000E+000       -1.00    ********       86.19
PH2+           3.914943E-016   0.000000E+000       -1.00    ********       84.59
CH3OH2+        9.427082E-018   3.562308E-017        2.78        0.00        0.58
PH3+           2.028977E-015   0.000000E+000       -1.00    ********       85.31
HCl            6.891309E-010   0.000000E+000       -1.00    ********       90.84
C2NH+          4.436427E-016   0.000000E+000       -1.00    ********       84.65
HC2O+          7.280428E-015   0.000000E+000       -1.00    ********       85.86
CH3CO+         5.907624E-015   1.421844E-014        1.41        2.41        0.38
NH2CNH+        1.492366E-015   0.000000E+000       -1.00    ********       85.17
SiCH3+         2.600948E-019   0.000000E+000       -1.00        0.00       81.42
SiCH4+         2.582453E-019   0.000000E+000       -1.00        0.00       81.41
HN2O+          9.114035E-015   0.000000E+000       -1.00    ********       85.96
CH3CHOH+       3.946314E-015   1.708592E-014        3.33        4.33        0.64
HPN+           1.017341E-012   0.000000E+000       -1.00    ********       88.01
H2CS+          7.309698E-017   8.674757E-017        0.19        0.00        0.07
PCH4+          4.534605E-018   0.000000E+000       -1.00        0.00       82.66
C2H5OH         1.075127E-014   0.000000E+000       -1.00    ********       86.03
CH3OCH3        5.598686E-020   0.000000E+000       -1.00        0.00       80.75
CH3OCH4+       1.733816E-022   0.000000E+000       -1.00        0.00       78.24
HNS+           1.046481E-016   0.000000E+000       -1.00    ********       84.02
H3CS+          7.018329E-015   1.771584E-014        1.52        2.52        0.40
H3SiO+         2.860363E-020   0.000000E+000       -1.00        0.00       80.46
HPO+           1.100798E-013   0.000000E+000       -1.00    ********       87.04
H2PO+          4.081586E-016   0.000000E+000       -1.00    ********       84.61
HSO+           3.307851E-012   1.208729E-011        2.65        3.65        0.56
C4H3+          9.055121E-017   4.110482E-016        3.54        0.00        0.66
C4H4+          1.551115E-018   0.000000E+000       -1.00        0.00       82.19
SiC2H2+        5.935580E-018   0.000000E+000       -1.00        0.00       82.77
SiNCH+         1.201507E-020   0.000000E+000       -1.00        0.00       80.08
SiC2H3+        6.265751E-018   0.000000E+000       -1.00        0.00       82.80
HC2P+          8.230425E-019   0.000000E+000       -1.00        0.00       81.92
Fe             2.945353E-010   3.000000E-009        9.19       10.19        1.01
Fe+            2.705465E-009   0.000000E+000       -1.00    ********       91.43
PC2H2+         2.173351E-018   0.000000E+000       -1.00        0.00       82.34
CH3COCH3       5.173267E-019   0.000000E+000       -1.00        0.00       81.71
C3H5+          7.988078E-017   9.182028E-016       10.49        0.00        1.06
CH3COCH4+      2.543608E-021   0.000000E+000       -1.00        0.00       79.41
HCOOCH3        5.875641E-023   0.000000E+000       -1.00        0.00       77.77
H5C2O2+        2.388456E-025   0.000000E+000       -1.00        0.00       75.38
HOCS+          4.768322E-014   6.632966E-014        0.39        1.39        0.14
HSiO2+         8.843567E-015   0.000000E+000       -1.00    ********       85.95
SiS            3.168400E-017   0.000000E+000       -1.00        0.00       83.50
HSiS+          1.299195E-019   0.000000E+000       -1.00        0.00       81.11
C5H5+          3.572306E-019   0.000000E+000       -1.00        0.00       81.55
SiC3H+         5.647837E-018   0.000000E+000       -1.00        0.00       82.75
HS2+           1.586471E-018   0.000000E+000       -1.00        0.00       82.20
SiC3H2+        3.910907E-020   0.000000E+000       -1.00        0.00       80.59
HS2            4.534202E-014   0.000000E+000       -1.00    ********       86.66
H2S2+          1.021162E-016   0.000000E+000       -1.00    ********       84.01
H2S2           7.008939E-015   0.000000E+000       -1.00    ********       85.85
H3S2+          1.892506E-017   0.000000E+000       -1.00        0.00       83.28
PC3H+          3.399060E-020   0.000000E+000       -1.00        0.00       80.53
HC3S+          5.210717E-017   5.578729E-017        0.07        0.00        0.03
C6H3+          1.126898E-019   2.753677E-019        1.44        0.00        0.39
SiC4H+         1.805816E-023   0.000000E+000       -1.00        0.00       77.26
C6H6           2.417323E-018   0.000000E+000       -1.00        0.00       82.38
C6H7+          4.493968E-022   0.000000E+000       -1.00        0.00       78.65
PC4H+          4.715605E-020   0.000000E+000       -1.00        0.00       80.67
C4S            4.048725E-016   0.000000E+000       -1.00    ********       84.61
HC4S+          8.437896E-019   0.000000E+000       -1.00        0.00       81.93
C7H5+          2.360610E-022   0.000000E+000       -1.00        0.00       78.37
CH3C5NH+       4.315386E-025   0.000000E+000       -1.00        0.00       75.64
C8H3+          3.885311E-023   8.998477E-023        1.32        0.00        0.36
C9H3+          1.386683E-024   0.000000E+000       -1.00        0.00       76.14
CH3C7NH+       1.014440E-027   0.000000E+000       -1.00        0.00       73.01
P+             1.696032E-014   0.000000E+000       -1.00    ********       86.23
O2+            6.687698E-011   5.955414E-011       -0.11        1.12        0.05
PO+            3.397306E-013   0.000000E+000       -1.00    ********       87.53
C2N+           3.034111E-014   5.805190E-014        0.91        1.91        0.28
S2+            3.801757E-016   0.000000E+000       -1.00    ********       84.58
CCP+           2.151615E-018   0.000000E+000       -1.00        0.00       82.33
H2NC+          1.033942E-012   2.264601E-012        1.19        2.19        0.34
CF+            2.568252E-012   3.989973E-012        0.55        1.55        0.19
CNC+           1.533078E-014   2.931640E-014        0.91        1.91        0.28
C-             4.070608E-021   0.000000E+000       -1.00        0.00       79.61
CCl+           1.541910E-014   0.000000E+000       -1.00    ********       86.19
SiNC+          4.239411E-016   0.000000E+000       -1.00    ********       84.63
E-             1.052945E-008   6.553416E-009       -0.38        1.61        0.21
C3S+           5.683600E-019   0.000000E+000       -1.00        0.00       81.75
SiC4+          1.087188E-020   0.000000E+000       -1.00        0.00       80.04
H3C5N+         2.035699E-022   0.000000E+000       -1.00        0.00       78.31
H3C7N+         8.790925E-025   0.000000E+000       -1.00        0.00       75.94
C10+           8.533901E-026   4.102402E-026       -0.52        0.00        0.32
H3C9N+         3.227435E-028   0.000000E+000       -1.00        0.00       72.51
CH2CO+         2.938297E-016   0.000000E+000       -1.00    ********       84.47
NS+            4.098325E-015   0.000000E+000       -1.00    ********       85.61
C4H5+          3.060330E-020   0.000000E+000       -1.00        0.00       80.49
CH3C4H+        1.132338E-019   0.000000E+000       -1.00        0.00       81.05
CH3C6H+        1.274926E-022   0.000000E+000       -1.00        0.00       78.11
C9H4+          1.690588E-025   0.000000E+000       -1.00        0.00       75.23
CH4N+          1.376451E-015   0.000000E+000       -1.00    ********       85.14
OCN+           1.083549E-015   0.000000E+000       -1.00    ********       85.03
H2CCl+         7.268517E-017   0.000000E+000       -1.00        0.00       83.86
H2SiO+         5.064738E-019   0.000000E+000       -1.00        0.00       81.70
PN+            3.837655E-015   0.000000E+000       -1.00    ********       85.58
OCS+           3.349153E-015   0.000000E+000       -1.00    ********       85.52
PCH3+          7.423073E-017   0.000000E+000       -1.00        0.00       83.87
HCOOH2+        9.891303E-013   0.000000E+000       -1.00    ********       88.00
C6H4+          1.086560E-020   3.352617E-020        2.09        0.00        0.49
C8H4+          3.445649E-024   0.000000E+000       -1.00        0.00       76.54
C2H7+          2.006069E-026   0.000000E+000       -1.00        0.00       74.30
PNH2+          9.736953E-017   0.000000E+000       -1.00        0.00       83.99
PNH3+          1.599883E-016   0.000000E+000       -1.00    ********       84.20
CH2NH2+        1.399223E-015   0.000000E+000       -1.00    ********       85.15
C2H5OH2+       3.608278E-017   0.000000E+000       -1.00        0.00       83.56
HNCO+          6.744158E-021   0.000000E+000       -1.00        0.00       79.83
N2O+           1.209608E-014   0.000000E+000       -1.00    ********       86.08
SiF+           3.432116E-014   0.000000E+000       -1.00    ********       86.54
C2O+           3.620958E-019   0.000000E+000       -1.00        0.00       81.56
C4H7+          1.709926E-022   0.000000E+000       -1.00        0.00       78.23
PC2H3+         7.491223E-020   0.000000E+000       -1.00        0.00       80.87
CH3CS+         1.301640E-018   0.000000E+000       -1.00        0.00       82.11
PC2H4+         3.556925E-022   0.000000E+000       -1.00        0.00       78.55
CH3COCH3+      5.154801E-023   0.000000E+000       -1.00        0.00       77.71
C4S+           3.960786E-020   0.000000E+000       -1.00        0.00       80.60
CH3OH+         7.364447E-019   0.000000E+000       -1.00        0.00       81.87
CH3CHO+        3.545814E-017   0.000000E+000       -1.00        0.00       83.55
C2H5OH+        5.613990E-019   0.000000E+000       -1.00        0.00       81.75
CH3OCH3+       2.886989E-024   0.000000E+000       -1.00        0.00       76.46
COOCH4+        4.332894E-027   0.000000E+000       -1.00        0.00       73.64
C4P+           1.569984E-024   0.000000E+000       -1.00        0.00       76.20
ClO+           0.000000E+000   0.000000E+000        0.00        0.00        -Inf
S-             1.633846E-017   0.000000E+000       -1.00        0.00       83.21
HCOOH+         1.097581E-027   0.000000E+000       -1.00        0.00       73.04
C3H2O+         2.855084E-019   0.000000E+000       -1.00        0.00       81.46
H3C3O+         8.869504E-016   0.000000E+000       -1.00    ********       84.95
NCCNCH3+       1.955963E-024   0.000000E+000       -1.00        0.00       76.29
C8H5+          4.301248E-025   0.000000E+000       -1.00        0.00       75.63
C9H5+          5.263045E-027   0.000000E+000       -1.00        0.00       73.72
