H              6.91E-007   6.91E-007        1.00        0.00 *
CH             3.25E-013   3.24E-013        1.00        0.00
C              2.11E-011   2.10E-011        1.00        0.00
H2             5.00E-001   5.00E-001        1.00        0.00
CH2            2.01E-013   2.04E-013        1.01        0.01
NH             3.73E-011   3.74E-011        1.00        0.00
N              1.35E-007   1.33E-007        1.01        0.00
CH3            8.32E-014   7.92E-014        1.05        0.02
NH2            2.45E-011   2.46E-011        1.01        0.00
CH4            2.10E-008   2.14E-008        1.02        0.01 *
OH             1.92E-009   1.92E-009        1.00        0.00 *
O              2.12E-005   2.11E-005        1.00        0.00
NH3            1.38E-008   1.39E-008        1.01        0.00 *
H2O            1.13E-007   1.13E-007        1.00        0.00 *
C2             8.85E-015   8.98E-015        1.01        0.01
C2H2           9.13E-011   9.36E-011        1.03        0.01
C2H            6.15E-013   6.29E-013        1.02        0.01 *
HCN            7.51E-011   7.55E-011        1.01        0.00 *
CN             3.72E-013   3.75E-013        1.01        0.00
C2H3           3.11E-016   3.24E-016        1.04        0.02
CO             7.29E-005   7.29E-005        1.00        0.00 *
H2CN           2.62E-016   2.47E-016        1.06        0.03
HCO            5.44E-013   5.64E-013        1.04        0.02
NO             3.70E-008   3.73E-008        1.01        0.00
H2CO           1.12E-013   1.07E-013        1.05        0.02 *
HNO            2.02E-011   2.03E-011        1.01        0.00
O2             4.08E-005   4.08E-005        1.00        0.00 *
O2H            7.93E-012   7.96E-012        1.00        0.00 *
HS             1.72E-012   1.28E-012        1.34        0.13
S              7.13E-009   5.54E-009        1.29        0.11
H2O2           4.71E-042   4.51E-042        0.00        0.02 *
H2S            1.18E-011   9.23E-012        1.27        0.11 *
OCN            5.69E-013   5.76E-013        1.01        0.01
CH2CO          1.40E-012   1.43E-012        1.02        0.01
CO2            1.12E-007   1.12E-007        1.00        0.00 *
N2O            3.75E-010   4.26E-010        1.14        0.06
N2             1.06E-005   1.06E-005        1.00        0.00
NO2            3.75E-010   4.31E-010        1.15        0.06
NS             2.13E-014   1.62E-014        1.31        0.12
SO             5.57E-009   6.11E-009        1.10        0.04
NCCN           5.09E-015   5.27E-015        1.04        0.02
OCS            7.10E-011   5.54E-011        1.28        0.11
S2             1.53E-015   8.90E-016        1.72        0.24
F              1.30E-014   1.30E-014        1.00        0.00
HF             2.00E-008   2.00E-008        1.00        0.00 *
HNC            1.39E-010   1.40E-010        1.01        0.00 *
C3             2.04E-013   2.13E-013        1.04        0.02
C3H            2.32E-015   2.42E-015        1.05        0.02
C3H2           7.01E-013   7.22E-013        1.03        0.01 *
C2N            1.81E-014   1.84E-014        1.01        0.01
C2H4           9.68E-013   9.81E-013        1.01        0.01
C3H3           1.31E-014   1.41E-014        1.08        0.03
C2O            6.92E-015   7.08E-015        1.02        0.01
SiH            1.74E-017   1.74E-017        1.00        0.00
SiC            4.32E-018   4.41E-018        1.02        0.01
C2H5           6.87E-022   7.24E-022        0.00        0.02
CH3CCH         6.92E-014   7.36E-014        1.06        0.03
SiH2           9.65E-020   9.76E-020        0.00        0.00
HCSi           1.09E-019   1.08E-019        1.00        0.00
SiH3           2.49E-023   2.52E-023        0.00        0.01
SiCH2          1.77E-017   1.77E-017        1.00        0.00
PH             7.77E-013   7.78E-013        1.00        0.00
CP             3.05E-016   3.12E-016        1.02        0.01
CS             1.06E-011   8.67E-012        1.22        0.09
C4             3.82E-020   4.44E-020        0.00        0.07
C4H            1.06E-016   1.09E-016        1.03        0.01
H2CCC          2.51E-016   2.58E-016        1.03        0.01
H2CCCC         1.17E-014   1.25E-014        1.07        0.03
CH2CN          1.12E-012   1.13E-012        1.01        0.00
HC3N           3.65E-014   3.87E-014        1.06        0.03
C4H3           1.13E-014   1.87E-014        1.66        0.22
HPO            7.18E-016   7.77E-016        1.08        0.03
C5             4.99E-017   6.19E-017        1.24        0.09
C3N            1.84E-017   1.94E-017        1.05        0.02
C5H            1.08E-018   1.24E-018        1.15        0.06
C3O            6.39E-013   6.52E-013        1.02        0.01
C5H2           9.86E-017   1.22E-016        1.24        0.09
C6             1.33E-021   1.63E-021        0.00        0.09
C6H            2.39E-020   2.71E-020        0.00        0.05
CH3C4H         1.41E-017   1.48E-017        1.05        0.02
C6H2           3.67E-018   3.95E-018        1.08        0.03
SO2            7.19E-009   8.26E-009        1.15        0.06
C7             1.05E-019   1.13E-019        1.08        0.03
C5N            7.47E-021   8.65E-021        0.00        0.06
C7H            2.50E-022   2.75E-022        0.00        0.04
C8             4.02E-025   4.41E-025        0.00        0.04
C7H2           1.04E-020   1.24E-020        0.00        0.07
C8H            4.23E-024   4.65E-024        0.00        0.04
CH3C6H         2.02E-021   2.42E-021        0.00        0.08
C8H2           3.56E-022   3.98E-022        0.00        0.05
C9             1.05E-023   1.19E-023        0.00        0.06
C7N            1.82E-024   2.00E-024        0.00        0.04
C9H            3.73E-026   4.04E-026        0.00        0.03
C10            7.42E-032   8.03E-032        0.00        0.03
C9N            2.03E-028   2.22E-028        0.00        0.04
CH2NH          9.63E-013   9.70E-013        1.01        0.00
CH3OH          6.31E-016   6.64E-016        1.05        0.02 *
SiN            2.68E-015   2.71E-015        1.01        0.00
HNSi           1.33E-012   1.34E-012        1.01        0.00
PN             2.15E-009   2.14E-009        1.00        0.00
Si             3.22E-013   3.20E-013        1.01        0.00
P              4.70E-010   4.70E-010        1.00        0.00
HCS            1.21E-016   9.45E-017        1.28        0.11
PO             3.80E-010   3.84E-010        1.01        0.00
C4N            1.78E-018   1.81E-018        1.02        0.01
HC5N           5.35E-019   6.19E-019        1.16        0.06
HC7N           2.39E-022   2.65E-022        0.00        0.04
HOCH           1.29E-019   0.00E+000    ********       81.11
H2CS           9.90E-012   7.43E-012        1.33        0.12
CH3CHO         2.72E-014   2.86E-014        1.05        0.02
SiO            2.98E-009   2.98E-009        1.00        0.00
H2SiO          4.43E-018   4.48E-018        1.01        0.00
SiH4           6.18E-020   6.24E-020        0.00        0.00
PH2            1.53E-016   1.80E-016        1.18        0.07
HCP            2.16E-013   2.20E-013        1.02        0.01
CH2PH          6.02E-018   6.19E-018        1.03        0.01
CCl            1.95E-016   0.00E+000    ********       84.29
Cl             1.52E-009   3.00E-009        1.97        0.29
ClO            0.00E+000   0.00E+000        0.00        -Inf
SiNC           4.01E-021   4.05E-021        0.00        0.00
SiC2           1.09E-017   1.11E-017        1.02        0.01
CCP            6.00E-018   6.20E-018        1.03        0.01
HC2P           7.71E-019   7.97E-019        1.03        0.01
SiC3           1.64E-019   1.70E-019        1.03        0.01
C3P            1.70E-020   1.81E-020        0.00        0.03
SiC4           1.16E-024   1.21E-024        0.00        0.02
C4P            2.97E-021   3.01E-021        0.00        0.01
CH3CH3         1.00E-020   1.16E-020        0.00        0.06
HCOOH          5.43E-010   5.45E-010        1.00        0.00 *
SiO2           1.21E-011   1.21E-011        1.00        0.00
NH2CN          5.24E-013   5.33E-013        1.02        0.01
C2S            2.90E-013   2.33E-013        1.25        0.10
C3S            3.07E-015   2.43E-015        1.26        0.10
C9H2           1.80E-024   1.93E-024        0.00        0.03
CH2CHCN        2.12E-017   2.21E-017        1.04        0.02
HC9N           2.01E-026   2.26E-026        0.00        0.05
SiC2H2         1.80E-016   1.80E-016        1.00        0.00
HeH+           1.38E-016   1.38E-016        1.00        0.00
He             1.40E-001   1.40E-001        1.00        0.00
H2+            5.68E-015   5.69E-015        1.00        0.00
CH+            7.75E-020   7.82E-020        0.00        0.00
C+             1.28E-011   1.28E-011        1.00        0.00
H+             2.03E-012   2.03E-012        1.00        0.00
CH2+           4.15E-018   4.15E-018        1.00        0.00
CH3+           9.27E-014   9.28E-014        1.00        0.00
CH4+           1.23E-018   1.25E-018        1.02        0.01
CH5+           4.53E-014   4.59E-014        1.01        0.01
H-             6.41E-014   6.57E-014        1.03        0.01
OH-            4.18E-014   4.24E-014        1.02        0.01
C2+            1.25E-021   1.29E-021        0.00        0.01
CN-            2.46E-017   2.53E-017        1.03        0.01
C2H2+          2.32E-017   2.37E-017        1.02        0.01
C2H3+          3.64E-014   3.72E-014        1.02        0.01
C2H4+          8.51E-017   9.61E-017        1.13        0.05
CO+            2.71E-016   2.71E-016        1.00        0.00
NH2+           2.99E-016   2.99E-016        1.00        0.00
C2H5+          5.25E-016   5.39E-016        1.03        0.01
Si+            2.15E-013   2.15E-013        1.00        0.00
SiH+           4.85E-017   4.90E-017        1.01        0.00
HCO+           9.01E-010   9.02E-010        1.00        0.00 *
CH3CH3+        1.70E-025   1.81E-025        0.00        0.03
NO+            4.80E-013   4.79E-013        1.00        0.00
SiH2+          1.40E-017   1.40E-017        1.00        0.00
H3CO+          2.29E-015   2.29E-015        1.00        0.00
SiH3+          1.58E-019   1.60E-019        1.01        0.00
S+             2.44E-012   1.76E-012        1.39        0.14
HS+            1.73E-013   1.35E-013        1.28        0.11
H2S+           1.03E-015   7.54E-016        1.37        0.14
H3S+           1.42E-014   1.11E-014        1.28        0.11
C3+            1.92E-022   1.88E-022        0.00        0.01
C3H+           4.03E-019   4.15E-019        1.03        0.01
C3H2+          8.56E-017   9.14E-017        1.07        0.03
CH3CCH+        7.07E-019   7.57E-019        1.07        0.03
C3H3+          2.18E-016   2.25E-016        1.03        0.01
H2C3H+         1.76E-016   1.81E-016        1.03        0.01
SiC+           1.83E-025   1.83E-025        0.00        0.00
CH3CN          3.74E-014   3.78E-014        1.01        0.00 *
CH2CN+         1.44E-017   1.46E-017        1.01        0.01
HCSi+          2.92E-025   2.91E-025        0.00        0.00
SiN+           2.30E-018   2.31E-018        1.01        0.00
SiCH3          4.93E-018   5.01E-018        1.02        0.01
SiCH2+         8.85E-021   8.74E-021        0.00        0.01
C3H7+          1.85E-029   0.00E+000        0.00       71.27
C3H6+          7.92E-032   0.00E+000        0.00       68.90
CO2+           1.31E-019   1.31E-019        1.00        0.00
HN2+           8.14E-012   8.14E-012        1.00        0.00 *
CS+            1.51E-019   1.63E-019        1.08        0.03
NO2+           2.32E-019   2.59E-019        1.12        0.05
SiOH+          1.28E-012   1.29E-012        1.00        0.00
C4+            1.36E-022   1.40E-022        0.00        0.01
C4H+           4.40E-022   4.53E-022        0.00        0.01
C4H2+          4.82E-018   4.89E-018        1.01        0.01
C2N2+          3.88E-030   0.00E+000        0.00       70.59
HCN+           5.76E-020   5.80E-020        0.00        0.00
HC3NH+         1.12E-017   1.19E-017        1.06        0.03
SiC2H          2.47E-016   2.46E-016        1.01        0.00
SiC2+          1.82E-025   1.86E-025        0.00        0.01
SiC2H+         9.06E-019   9.28E-019        1.02        0.01
SiS+           1.63E-018   1.47E-018        1.11        0.05
C5+            1.22E-026   1.31E-026        0.00        0.03
C5H+           1.55E-020   1.84E-020        0.00        0.07
SO2+           6.82E-018   7.83E-018        1.15        0.06
SO+            9.85E-013   7.90E-013        1.25        0.10
C5H3+          2.35E-020   2.85E-020        0.00        0.08
CH3C3N         3.38E-018   3.50E-018        1.04        0.02
SiC3H          1.45E-018   1.56E-018        1.08        0.03
SiC3+          1.23E-021   1.23E-021        0.00        0.00
C6+            1.24E-025   1.53E-025        0.00        0.09
C6H+           8.89E-024   1.10E-023        0.00        0.09
C6H6+          2.67E-023   3.68E-023        0.00        0.14
C6H5+          4.35E-027   6.05E-027        0.00        0.14
C7+            1.04E-027   1.12E-027        0.00        0.03
C7H+           1.05E-023   1.13E-023        0.00        0.03
C7H3+          1.93E-024   2.20E-024        0.00        0.06
CH3C5N         2.41E-024   2.81E-024        0.00        0.07
C8+            6.89E-028   7.57E-028        0.00        0.04
C8H+           3.81E-030   4.22E-030        0.00        0.04
C9+            4.71E-031   5.29E-031        0.00        0.05
C9H+           1.03E-027   1.17E-027        0.00        0.05
CH3C7N         1.07E-027   1.19E-027        0.00        0.05
H3+            3.47E-011   3.47E-011        1.00        0.00 *
He+            4.61E-012   4.61E-012        1.00        0.00
NH+            6.27E-017   6.28E-017        1.00        0.00
N+             2.21E-016   2.21E-016        1.00        0.00
OH+            2.33E-015   2.33E-015        1.00        0.00
O+             6.28E-016   6.28E-016        1.00        0.00
O-             8.67E-019   8.66E-019        1.00        0.00
NH3+           1.47E-012   1.47E-012        1.00        0.00
H2O+           4.51E-015   4.51E-015        1.00        0.00
NH4+           3.95E-012   3.97E-012        1.01        0.00
H3O+           2.56E-010   2.56E-010        1.00        0.00
F+             3.50E-018   3.50E-018        1.00        0.00
HF+            1.02E-018   1.02E-018        1.00        0.00
H2F+           1.25E-012   1.25E-012        1.00        0.00
C2H+           2.03E-021   2.05E-021        0.00        0.00
CN+            4.17E-021   4.19E-021        0.00        0.00
HCNH+          2.66E-013   2.68E-013        1.01        0.00
HOC+           9.17E-016   9.17E-016        1.00        0.00
N2+            3.13E-017   3.13E-017        1.00        0.00
HNO+           1.31E-013   1.33E-013        1.01        0.01
O2H+           1.51E-015   1.52E-015        1.00        0.00
SiH4+          3.79E-031   3.83E-031        0.00        0.00
SiH5+          2.85E-023   2.89E-023        0.00        0.01
Cl+            1.37E-019   0.00E+000    ********       81.14
HCl+           1.92E-019   0.00E+000    ********       81.28
H2Cl+          7.41E-015   0.00E+000    ********       85.87
CH3CN+         8.95E-022   9.06E-022        0.00        0.01
CH3CNH+        1.36E-016   1.38E-016        1.01        0.01
CP+            9.17E-027   9.38E-027        0.00        0.01
HCP+           4.37E-024   4.44E-024        0.00        0.01
HNSi+          9.13E-024   9.20E-024        0.00        0.00
SiNH2+         1.25E-015   1.26E-015        1.01        0.00
PCH2+          6.49E-017   6.62E-017        1.02        0.01
HCO2+          1.14E-013   1.14E-013        1.00        0.00
HCS+           3.42E-015   3.30E-015        1.04        0.02
SiO+           2.22E-019   2.22E-019        1.00        0.00
C3N+           9.73E-025   1.03E-024        0.00        0.03
HC3N+          3.90E-022   4.16E-022        0.00        0.03
NCCNH+         6.19E-019   6.45E-019        1.04        0.02
C3O+           1.74E-023   1.77E-023        0.00        0.01
HC3O+          4.56E-016   4.66E-016        1.02        0.01
H3C3N+         1.76E-022   1.83E-022        0.00        0.02
H4C3N+         8.43E-021   8.80E-021        0.00        0.02
C2S+           1.18E-023   9.25E-024        0.00        0.10
HC2S+          2.08E-016   1.64E-016        1.27        0.10
C5H2+          5.46E-021   8.63E-021        0.00        0.20
C4N+           1.03E-022   1.09E-022        0.00        0.03
HC4N+          7.81E-026   8.04E-026        0.00        0.01
H2C4N+         7.92E-026   8.15E-026        0.00        0.01
HSO2+          9.93E-014   1.15E-013        1.16        0.06
CH3C3N+        7.92E-026   8.15E-026        0.00        0.01
CH3C3NH+       2.85E-021   2.94E-021        0.00        0.01
C6H2+          1.92E-022   2.35E-022        0.00        0.09
C5N+           5.56E-028   6.53E-028        0.00        0.07
HC5N+          1.22E-027   1.55E-027        0.00        0.10
H2C5N+         1.52E-021   1.78E-021        0.00        0.07
C7H2+          5.89E-026   6.15E-026        0.00        0.02
C8H2+          6.13E-026   6.73E-026        0.00        0.04
C7N+           3.78E-031   4.03E-031        0.00        0.03
HC7N+          1.20E-028   1.28E-028        0.00        0.03
H2C7N+         7.12E-026   7.85E-026        0.00        0.04
C9H2+          1.78E-029   1.97E-029        0.00        0.05
C9N+           3.72E-035   4.16E-035        0.00        0.05
HC9N+          1.19E-032   1.33E-032        0.00        0.05
H2C9N+         6.42E-030   7.18E-030        0.00        0.05
Na             7.30E-011   7.44E-011        1.02        0.01
Na+            2.93E-009   2.93E-009        1.00        0.00
Mg             1.04E-010   1.04E-010        1.01        0.00
Mg+            2.90E-009   2.90E-009        1.00        0.00
H2CO+          5.63E-015   5.65E-015        1.00        0.00
PH+            1.59E-014   1.60E-014        1.01        0.00
H2NO+          7.49E-016   7.52E-016        1.00        0.00
PH2+           9.14E-017   9.25E-017        1.01        0.01
CH3OH2+        7.78E-019   7.84E-019        1.01        0.00 *
PH3+           1.69E-016   1.71E-016        1.01        0.00
HCl            1.48E-009   0.00E+000    ********       91.17
C2NH+          2.15E-016   2.18E-016        1.01        0.01
HC2O+          7.59E-015   7.75E-015        1.02        0.01
CH3CO+         8.43E-016   8.55E-016        1.01        0.01
NH2CNH+        1.42E-016   1.44E-016        1.02        0.01
SiCH3+         6.46E-021   6.50E-021        0.00        0.00
SiCH4+         4.64E-021   4.72E-021        0.00        0.01
HN2O+          5.58E-015   6.35E-015        1.14        0.06
CH3CHOH+       7.71E-017   7.96E-017        1.03        0.01
HPN+           8.56E-013   8.56E-013        1.00        0.00
H2CS+          2.20E-017   1.70E-017        1.30        0.11
PCH4+          1.97E-018   2.02E-018        1.03        0.01
C2H5OH         2.42E-017   2.54E-017        1.05        0.02
CH3OCH3        3.18E-022   0.00E+000        0.00       78.50
CH3OCH4+       5.77E-025   0.00E+000        0.00       75.76
HNS+           7.93E-018   6.05E-018        1.31        0.12
H3CS+          3.75E-015   2.79E-015        1.34        0.13
H3SiO+         7.15E-021   7.24E-021        0.00        0.01
HPO+           6.60E-014   6.66E-014        1.01        0.00
H2PO+          1.23E-016   1.24E-016        1.01        0.00
HSO+           2.07E-012   2.28E-012        1.10        0.04
C4H3+          2.07E-018   2.20E-018        1.06        0.03
C4H4+          2.28E-018   3.77E-018        1.66        0.22
SiC2H2+        1.99E-019   1.97E-019        1.01        0.00
SiNCH+         3.34E-022   3.37E-022        0.00        0.00
SiC2H3+        2.02E-019   2.02E-019        1.00        0.00
HC2P+          4.10E-020   4.21E-020        0.00        0.01
Fe             1.44E-010   1.51E-010        1.05        0.02
Fe+            2.86E-009   2.85E-009        1.00        0.00
PC2H2+         3.66E-019   3.78E-019        1.03        0.01
CH3COCH3       1.52E-020   1.71E-020        0.00        0.05
C3H5+          5.24E-017   5.51E-017        1.05        0.02
CH3COCH4+      3.91E-023   4.24E-023        0.00        0.04
HCOOCH3        5.01E-025   0.00E+000        0.00       75.70
H5C2O2+        1.19E-027   0.00E+000        0.00       73.08
HOCS+          1.00E-014   7.87E-015        1.27        0.10
HSiO2+         4.37E-015   4.38E-015        1.00        0.00
SiS            1.70E-017   1.32E-017        1.28        0.11
HSiS+          3.81E-020   2.97E-020        0.00        0.11
C5H5+          5.41E-021   5.56E-021        0.00        0.01
SiC3H+         5.21E-020   5.36E-020        0.00        0.01
HS2+           7.12E-019   4.06E-019        1.76        0.24
SiC3H2+        1.85E-021   1.99E-021        0.00        0.03
HS2            2.92E-014   1.76E-014        1.66        0.22
H2S2+          4.28E-017   2.59E-017        1.65        0.22
H2S2           2.54E-015   1.44E-015        1.76        0.24
H3S2+          4.08E-018   2.33E-018        1.75        0.24
PC3H+          7.76E-021   8.30E-021        0.00        0.03
HC3S+          2.46E-018   1.93E-018        1.27        0.11
C6H3+          3.00E-022   3.17E-022        0.00        0.02
SiC4H+         3.81E-025   3.98E-025        0.00        0.02
C6H6           6.59E-020   9.10E-020        0.00        0.14
C6H7+          1.50E-023   2.07E-023        0.00        0.14
PC4H+          4.90E-022   4.97E-022        0.00        0.01
C4S            1.47E-017   1.18E-017        1.24        0.10
HC4S+          1.80E-020   1.43E-020        0.00        0.10
C7H5+          8.08E-025   9.67E-025        0.00        0.08
CH3C5NH+       1.30E-027   1.52E-027        0.00        0.07
C8H3+          3.26E-026   3.51E-026        0.00        0.03
C9H3+          4.07E-028   4.18E-028        0.00        0.01
CH3C7NH+       5.85E-031   6.49E-031        0.00        0.05
P+             1.67E-015   1.67E-015        1.00        0.00
O2+            5.45E-011   5.45E-011        1.00        0.00
PO+            2.37E-013   2.39E-013        1.00        0.00
C2N+           1.80E-015   1.82E-015        1.01        0.00
S2+            6.14E-017   3.51E-017        1.75        0.24
CCP+           2.66E-019   2.72E-019        1.02        0.01
H2NC+          1.56E-013   1.58E-013        1.01        0.00
CF+            2.55E-012   2.55E-012        1.00        0.00
CNC+           9.30E-016   9.35E-016        1.01        0.00
C-             5.69E-021   5.83E-021        0.00        0.01
CCl+           6.91E-015   0.00E+000    ********       85.84
SiNC+          1.18E-017   1.19E-017        1.01        0.00
E-             9.97E-009   9.96E-009        1.00        0.00
C3S+           1.14E-020   8.94E-021        0.00        0.10
SiC4+          2.01E-023   2.12E-023        0.00        0.02
H3C5N+         3.62E-024   3.71E-024        0.00        0.01
H3C7N+         7.63E-028   8.81E-028        0.00        0.06
C10+           8.40E-030   9.33E-030        0.00        0.05
H3C9N+         3.93E-032   4.55E-032        0.00        0.06
CH2CO+         7.23E-017   7.38E-017        1.02        0.01
NS+            1.47E-015   1.15E-015        1.28        0.11
C4H5+          3.03E-021   3.27E-021        0.00        0.03
CH3C4H+        2.04E-021   2.13E-021        0.00        0.02
CH3C6H+        3.54E-025   4.21E-025        0.00        0.08
C9H4+          7.49E-029   8.74E-029        0.00        0.07
CH4N+          5.05E-016   5.11E-016        1.01        0.00
OCN+           4.75E-016   0.00E+000    ********       84.68
H2CCl+         7.93E-017   0.00E+000    ********       83.90
H2SiO+         1.29E-019   1.31E-019        1.01        0.00
PN+            1.03E-015   1.03E-015        1.00        0.00
OCS+           3.44E-016   2.81E-016        1.23        0.09
PCH3+          3.37E-017   3.46E-017        1.03        0.01
HCOOH2+        3.31E-013   3.32E-013        1.00        0.00
C6H4+          3.93E-023   4.16E-023        0.00        0.02
C8H4+          5.01E-027   5.95E-027        0.00        0.07
C2H7+          2.07E-025   2.41E-025        0.00        0.07
PNH2+          2.25E-017   0.00E+000    ********       83.35
PNH3+          4.09E-017   0.00E+000    ********       83.61
CH2NH2+        3.73E-016   3.76E-016        1.01        0.00
C2H5OH2+       4.63E-020   4.77E-020        0.00        0.01
HNCO+          1.01E-022   0.00E+000        0.00       78.00
N2O+           3.43E-015   3.90E-015        1.14        0.06
SiF+           1.23E-014   1.23E-014        1.00        0.00
C2O+           3.43E-020   3.51E-020        0.00        0.01
C4H7+          1.25E-024   0.00E+000        0.00       76.10
PC2H3+         4.22E-021   4.33E-021        0.00        0.01
CH3CS+         1.08E-019   0.00E+000    ********       81.04
PC2H4+         1.81E-023   0.00E+000        0.00       77.26
CH3COCH3+      3.49E-025   2.50E-016        0.00        8.85
C4S+           1.28E-022   9.71E-023        0.00        0.12
CH3OH+         8.27E-021   8.71E-021        0.00        0.02
CH3CHO+        3.17E-019   3.34E-019        1.05        0.02
C2H5OH+        3.70E-022   3.88E-022        0.00        0.02
CH3OCH3+       4.04E-027   0.00E+000        0.00       73.61
COOCH4+        8.69E-030   0.00E+000        0.00       70.94
C4P+           2.01E-027   2.04E-027        0.00        0.01
ClO+           0.00E+000   0.00E+000        0.00        -Inf
S-             1.24E-017   1.09E-017        1.13        0.05
HCOOH+         3.15E-028   0.00E+000        0.00       72.50
C3H2O+         3.23E-021   0.00E+000        0.00       79.51
H3C3O+         1.60E-017   1.63E-017        1.02        0.01
NCCNCH3+       3.64E-025   0.00E+000        0.00       75.56
C8H5+          7.28E-030   0.00E+000        0.00       70.86
C9H5+          8.27E-032   0.00E+000        0.00       68.92
