H              1.107959E-004   1.015620E-004       -0.08        1.09        0.04 *
CH             2.214332E-011   3.197591E-011        0.44        1.44        0.16
C              3.073718E-010   3.227276E-010        0.05        1.05        0.02
H2             4.999443E-001   4.999488E-001        0.00        1.00        0.00
CH2            6.721831E-012   7.572634E-012        0.13        1.13        0.05
NH             2.667728E-009   3.289933E-009        0.23        1.23        0.09
N              9.642375E-007   6.098172E-007       -0.37        1.58        0.20
CH3            2.392250E-011   2.710803E-011        0.13        1.13        0.05
NH2            3.952631E-010   8.053120E-010        1.04        2.04        0.31
CH4            3.265425E-008   4.756648E-008        0.46        1.46        0.16 *
OH             7.020909E-008   7.864176E-008        0.12        1.12        0.05 *
O              2.533856E-005   2.244017E-005       -0.11        1.13        0.05
NH3            2.080334E-008   3.297086E-008        0.58        1.58        0.20 *
H2O            1.977128E-007   1.702951E-007       -0.14        1.16        0.06 *
C2             3.152309E-012   5.064383E-012        0.61        1.61        0.21
C2H2           6.820655E-010   1.028179E-009        0.51        1.51        0.18
C2H            4.643035E-011   7.676180E-011        0.65        1.65        0.22
HCN            7.157311E-010   8.383179E-010        0.17        1.17        0.07 *
CN             5.577289E-012   7.550984E-012        0.35        1.35        0.13
C2H3           4.134933E-014   7.996248E-014        0.93        1.93        0.29
CO             7.280222E-005   7.266512E-005       -0.00        1.00        0.00 *
H2CN           2.235611E-014   0.000000E+000       -1.00    ********       86.35
HCO            1.161744E-012   9.771068E-013       -0.16        1.19        0.08
NO             4.036061E-006   6.062627E-006        0.50        1.50        0.18
H2CO           2.967673E-011   3.564809E-011        0.20        1.20        0.08 *
HNO            1.089006E-009   1.663689E-009        0.53        1.53        0.18
O2             3.661100E-005   3.700646E-005        0.01        1.01        0.00
O2H            4.099680E-010   6.000193E-010        0.46        1.46        0.17 *
HS             1.664279E-012   1.307364E-012       -0.21        1.27        0.10
S              1.307882E-008   8.401863E-009       -0.36        1.56        0.19
H2O2           4.802393E-269   8.384216E-269        0.00        0.00     -168.08 *
H2S            1.547523E-011   8.033830E-012       -0.48        1.93        0.28 *
OCN            6.101555E-009   8.476250E-009        0.39        1.39        0.14
CH2CO          1.095224E-011   1.490101E-011        0.36        1.36        0.13
CO2            1.487786E-007   2.666614E-007        0.79        1.79        0.25
N2O            1.255370E-009   0.000000E+000       -1.00    ********       91.10
N2             8.179939E-006   7.338336E-006       -0.10        1.11        0.05
NO2            2.914598E-009   0.000000E+000       -1.00    ********       91.46
NS             1.208201E-012   0.000000E+000       -1.00    ********       88.08
SO             4.889901E-009   6.899197E-009        0.41        1.41        0.15
NCCN           7.719939E-014   0.000000E+000       -1.00    ********       86.89
OCS            2.418534E-010   1.508438E-010       -0.38        1.60        0.21
S2             3.830433E-015   0.000000E+000       -1.00    ********       85.58
F              1.732391E-008   2.000000E-008        0.15        1.15        0.06
HF             2.667086E-009   0.000000E+000       -1.00    ********       91.43
HNC            1.200238E-009   1.697168E-009        0.41        1.41        0.15 *
C3             4.869854E-012   6.200583E-012        0.27        1.27        0.10
C3H            8.804557E-013   1.633830E-012        0.86        1.86        0.27
C3H2           2.859207E-011   4.411757E-011        0.54        1.54        0.19
C2N            3.470237E-012   4.185086E-012        0.21        1.21        0.08
C2H4           7.447549E-012   1.785334E-011        1.40        2.40        0.38
C3H3           3.393724E-014   1.254922E-013        2.70        3.70        0.57
C2O            3.794590E-014   1.018996E-013        1.69        2.69        0.43
SiH            1.983780E-015   0.000000E+000       -1.00    ********       85.30
SiC            1.587293E-015   0.000000E+000       -1.00    ********       85.20
C2H5           5.242557E-017   0.000000E+000       -1.00        0.00       83.72
CH3CCH         4.892736E-014   0.000000E+000       -1.00    ********       86.69
SiH2           2.970349E-017   0.000000E+000       -1.00        0.00       83.47
HCSi           1.937255E-015   0.000000E+000       -1.00    ********       85.29
SiH3           5.505751E-021   0.000000E+000       -1.00        0.00       79.74
SiCH2          8.300543E-015   0.000000E+000       -1.00    ********       85.92
PH             4.901879E-012   0.000000E+000       -1.00    ********       88.69
CP             1.443131E-014   0.000000E+000       -1.00    ********       86.16
CS             4.095928E-011   3.249665E-011       -0.21        1.26        0.10
C4             1.159248E-015   2.589489E-015        1.23        2.23        0.35
C4H            5.716445E-013   1.065861E-012        0.86        1.86        0.27
H2CCC          6.589733E-013   0.000000E+000       -1.00    ********       87.82
H2CCCC         7.614625E-012   1.767122E-011        1.32        2.32        0.37
CH2CN          2.586473E-012   2.201969E-011        7.51        8.51        0.93
HC3N           7.033857E-014   8.538400E-014        0.21        1.21        0.08
C4H3           1.239266E-013   0.000000E+000       -1.00    ********       87.09
HPO            1.305072E-013   0.000000E+000       -1.00    ********       87.12
C5             3.628785E-013   6.189527E-013        0.71        1.71        0.23
C3N            1.870604E-014   2.553079E-014        0.36        1.36        0.14
C5H            4.390218E-015   1.435445E-014        2.27        3.27        0.51
C3O            1.842059E-011   0.000000E+000       -1.00    ********       89.27
C5H2           8.866650E-015   2.289773E-014        1.58        2.58        0.41
C6             8.519766E-017   8.418507E-017       -0.01        0.00        0.01
C6H            7.424993E-016   1.344047E-015        0.81        1.81        0.26
CH3C4H         4.471863E-015   1.406696E-014        2.15        3.15        0.50
C6H2           5.315056E-015   8.290388E-015        0.56        1.56        0.19
SO2            1.683144E-009   4.473686E-009        1.66        2.66        0.42
C7             3.478765E-015   4.771703E-015        0.37        1.37        0.14
C5N            1.007317E-016   0.000000E+000       -1.00    ********       84.00
C7H            1.105427E-017   2.277870E-017        1.06        0.00        0.31
C8             5.257279E-019   6.642246E-019        0.26        0.00        0.10
C7H2           3.325871E-017   4.487315E-017        0.35        0.00        0.13
C8H            2.497831E-018   4.715949E-018        0.89        0.00        0.28
CH3C6H         2.431804E-017   0.000000E+000       -1.00        0.00       83.39
C8H2           2.573078E-018   6.683578E-018        1.60        0.00        0.41
C9             2.735997E-018   3.836440E-018        0.40        0.00        0.15
C7N            2.912559E-019   0.000000E+000       -1.00        0.00       81.46
C9H            1.148701E-020   0.000000E+000       -1.00        0.00       80.06
C10            2.786170E-025   0.000000E+000       -1.00        0.00       75.45
C9N            2.800955E-022   0.000000E+000       -1.00        0.00       78.45
CH2NH          2.340420E-012   0.000000E+000       -1.00    ********       88.37
CH3OH          2.006605E-013   3.819340E-013        0.90        1.90        0.28 *
SiN            7.130195E-013   0.000000E+000       -1.00    ********       87.85
HNSi           4.968157E-011   0.000000E+000       -1.00    ********       89.70
PN             6.363000E-010   0.000000E+000       -1.00    ********       90.80
Si             1.295718E-011   3.000000E-009      230.53      231.53        2.36
P              2.264350E-009   3.000000E-009        0.32        1.32        0.12
HCS            5.358891E-015   3.410630E-015       -0.36        1.57        0.20
PO             9.012056E-011   0.000000E+000       -1.00    ********       89.95
C4N            3.801557E-014   8.206760E-014        1.16        2.16        0.33
HC5N           2.238398E-016   0.000000E+000       -1.00    ********       84.35
HC7N           8.584690E-019   0.000000E+000       -1.00        0.00       81.93
HOCH           8.677668E-076   0.000000E+000       -1.00        0.00       24.94
H2CS           5.762525E-012   1.805051E-012       -0.69        3.19        0.50
CH3CHO         2.387653E-012   4.597939E-012        0.93        1.93        0.28
SiO            2.855080E-009   0.000000E+000       -1.00    ********       91.46
H2SiO          9.816165E-018   0.000000E+000       -1.00        0.00       82.99
SiH4           1.997827E-018   0.000000E+000       -1.00        0.00       82.30
PH2            4.987183E-014   0.000000E+000       -1.00    ********       86.70
HCP            1.544880E-012   0.000000E+000       -1.00    ********       88.19
CH2PH          1.397202E-016   0.000000E+000       -1.00    ********       84.15
CCl            1.270869E-015   0.000000E+000       -1.00    ********       85.10
Cl             2.698207E-009   3.000000E-009        0.11        1.11        0.05
ClO            0.000000E+000   0.000000E+000        0.00        0.00        -Inf
SiNC           1.610035E-017   0.000000E+000       -1.00        0.00       83.21
SiC2           3.342898E-015   0.000000E+000       -1.00    ********       85.52
CCP            1.105604E-015   0.000000E+000       -1.00    ********       85.04
HC2P           7.841093E-017   0.000000E+000       -1.00        0.00       83.89
SiC3           1.087619E-015   0.000000E+000       -1.00    ********       85.04
C3P            6.698971E-018   0.000000E+000       -1.00        0.00       82.83
SiC4           8.617854E-021   0.000000E+000       -1.00        0.00       79.94
C4P            1.586833E-017   0.000000E+000       -1.00        0.00       83.20
CH3CH3         4.290113E-018   0.000000E+000       -1.00        0.00       82.63
HCOOH          7.552646E-010   0.000000E+000       -1.00    ********       90.88
SiO2           6.154451E-011   0.000000E+000       -1.00    ********       89.79
NH2CN          2.374277E-011   0.000000E+000       -1.00    ********       89.38
C2S            9.100361E-013   1.575476E-013       -0.83        5.78        0.76
C3S            9.774134E-014   0.000000E+000       -1.00    ********       86.99
C9H2           5.008877E-020   0.000000E+000       -1.00        0.00       80.70
CH2CHCN        4.503541E-018   0.000000E+000       -1.00        0.00       82.65
HC9N           7.055501E-022   0.000000E+000       -1.00        0.00       78.85
SiC2H2         5.508563E-015   0.000000E+000       -1.00    ********       85.74
HeH+           6.897542E-015   0.000000E+000       -1.00    ********       85.84
He             1.400000E-001   1.400000E-001       -0.00        1.00        0.00
H2+            2.842462E-013   2.893284E-013        0.02        1.02        0.01
CH+            8.945464E-018   1.005064E-017        0.12        0.00        0.05
C+             6.705606E-010   6.565575E-010       -0.02        1.02        0.01
H+             6.186817E-011   5.556966E-011       -0.10        1.11        0.05
CH2+           3.487118E-016   3.457661E-016       -0.01        1.01        0.00
CH3+           1.122083E-012   1.184422E-012        0.06        1.06        0.02
CH4+           3.263613E-016   0.000000E+000       -1.00    ********       84.51
CH5+           3.091409E-012   4.448383E-012        0.44        1.44        0.16
H-             4.720387E-013   0.000000E+000       -1.00    ********       87.67
OH-            2.472167E-015   0.000000E+000       -1.00    ********       85.39
C2+            6.184982E-019   7.538272E-019        0.22        0.00        0.09
CN-            8.929616E-018   0.000000E+000       -1.00        0.00       82.95
C2H2+          1.779618E-015   2.415737E-015        0.36        1.36        0.13
C2H3+          2.403220E-013   4.835340E-013        1.01        2.01        0.30
C2H4+          1.949668E-014   3.977636E-014        1.04        2.04        0.31
CO+            1.446632E-014   1.481043E-014        0.02        1.02        0.01
NH2+           1.170406E-014   1.872116E-014        0.60        1.60        0.20
C2H5+          1.546759E-015   3.998124E-015        1.58        2.58        0.41
Si+            1.380284E-011   0.000000E+000       -1.00    ********       89.14
SiH+           9.089901E-016   0.000000E+000       -1.00    ********       84.96
HCO+           4.440593E-009   5.723073E-009        0.29        1.29        0.11 *
CH3CH3+        9.883682E-021   0.000000E+000       -1.00        0.00       79.99
NO+            1.681392E-010   2.196985E-010        0.31        1.31        0.12
SiH2+          3.066003E-016   0.000000E+000       -1.00    ********       84.49
H3CO+          9.634341E-014   0.000000E+000       -1.00    ********       86.98
SiH3+          1.003318E-017   0.000000E+000       -1.00        0.00       83.00
S+             2.627212E-011   7.373743E-012       -0.72        3.56        0.55
HS+            1.478358E-012   8.152696E-013       -0.45        1.81        0.26
H2S+           1.402337E-014   8.241562E-015       -0.41        1.70        0.23
H3S+           9.371626E-014   6.499816E-014       -0.31        1.44        0.16
C3+            7.134078E-019   4.328093E-019       -0.39        0.00        0.22
C3H+           2.353123E-017   3.144321E-017        0.34        0.00        0.13
C3H2+          2.778307E-015   5.513962E-015        0.98        1.98        0.30
CH3CCH+        4.841568E-018   2.418678E-017        4.00        0.00        0.70
C3H3+          4.106367E-014   7.442045E-014        0.81        1.81        0.26
H2C3H+         4.311844E-014   9.165381E-014        1.13        2.13        0.33
SiC+           4.924103E-021   0.000000E+000       -1.00        0.00       79.69
CH3CN          4.088240E-013   2.395219E-012        4.86        5.86        0.77 *
CH2CN+         8.118529E-016   0.000000E+000       -1.00    ********       84.91
HCSi+          5.716318E-021   0.000000E+000       -1.00        0.00       79.76
SiN+           5.408557E-015   0.000000E+000       -1.00    ********       85.73
SiCH3          1.715164E-015   0.000000E+000       -1.00    ********       85.23
SiCH2+         6.273820E-017   0.000000E+000       -1.00        0.00       83.80
C3H7+          1.477006E-026   0.000000E+000       -1.00        0.00       74.17
C3H6+          1.725340E-027   0.000000E+000       -1.00        0.00       73.24
CO2+           1.332787E-017   0.000000E+000       -1.00        0.00       83.12
HN2+           1.395604E-010   1.561194E-010        0.12        1.12        0.05 *
CS+            2.253315E-017   2.959709E-017        0.31        0.00        0.12
NO2+           7.104157E-017   0.000000E+000       -1.00        0.00       83.85
SiOH+          6.034027E-012   0.000000E+000       -1.00    ********       88.78
C4+            9.101072E-019   1.057799E-018        0.16        0.00        0.07
C4H+           2.999395E-018   3.847191E-018        0.28        0.00        0.11
C4H2+          6.464573E-015   8.939871E-015        0.38        1.38        0.14
C2N2+          4.095677E-024   0.000000E+000       -1.00        0.00       76.61
HCN+           4.990422E-017   3.870162E-017       -0.22        0.00        0.11
HC3NH+         1.217856E-016   2.231040E-016        0.83        1.83        0.26
SiC2H          7.634261E-015   0.000000E+000       -1.00    ********       85.88
SiC2+          9.256584E-022   0.000000E+000       -1.00        0.00       78.97
SiC2H+         9.750717E-017   0.000000E+000       -1.00        0.00       83.99
SiS+           1.283917E-017   0.000000E+000       -1.00        0.00       83.11
C5+            7.166110E-021   1.281954E-020        0.79        0.00        0.25
C5H+           1.616257E-016   4.215125E-016        1.61        2.61        0.42
SO2+           1.703477E-016   0.000000E+000       -1.00    ********       84.23
SO+            3.202135E-012   2.930937E-012       -0.08        1.09        0.04
C5H3+          8.749994E-018   3.263778E-017        2.73        0.00        0.57
CH3C3N         1.026694E-015   0.000000E+000       -1.00    ********       85.01
SiC3H          3.162390E-017   0.000000E+000       -1.00        0.00       83.50
SiC3+          3.416222E-018   0.000000E+000       -1.00        0.00       82.53
C6+            1.252467E-020   1.511959E-020        0.21        0.00        0.08
C6H+           5.174155E-019   5.900792E-019        0.14        0.00        0.06
C6H6+          3.083545E-021   0.000000E+000       -1.00        0.00       79.49
C6H5+          1.577259E-023   0.000000E+000       -1.00        0.00       77.20
C7+            2.625786E-022   3.878145E-022        0.48        0.00        0.17
C7H+           7.518838E-019   1.439444E-018        0.91        0.00        0.28
C7H3+          5.075285E-020   1.136532E-019        1.24        0.00        0.35
CH3C5N         6.157189E-021   0.000000E+000       -1.00        0.00       79.79
C8+            1.065430E-021   1.334095E-021        0.25        0.00        0.10
C8H+           5.323596E-024   6.270248E-024        0.18        0.00        0.07
C9+            1.230010E-024   2.607248E-024        1.12        0.00        0.33
C9H+           5.781480E-022   1.160425E-021        1.01        0.00        0.30
CH3C7N         2.308951E-023   0.000000E+000       -1.00        0.00       77.36
H3+            1.577697E-009   1.676289E-009        0.06        1.06        0.03
He+            2.478886E-010   2.504353E-010        0.01        1.01        0.00
NH+            2.273505E-015   3.824610E-015        0.68        1.68        0.23
N+             1.672543E-011   2.406026E-011        0.44        1.44        0.16
OH+            1.184093E-013   1.129086E-013       -0.05        1.05        0.02
O+             3.010943E-014   2.990352E-014       -0.01        1.01        0.00
O-             1.924529E-018   0.000000E+000       -1.00        0.00       82.28
NH3+           2.741194E-012   4.336265E-012        0.58        1.58        0.20
H2O+           2.394272E-013   2.216242E-013       -0.07        1.08        0.03
NH4+           2.998067E-011   6.377916E-011        1.13        2.13        0.33
H3O+           2.260043E-009   2.623492E-009        0.16        1.16        0.06
F+             7.935815E-017   0.000000E+000       -1.00        0.00       83.90
HF+            2.319627E-017   0.000000E+000       -1.00        0.00       83.37
H2F+           4.114703E-012   0.000000E+000       -1.00    ********       88.61
C2H+           1.262700E-018   1.617989E-018        0.28        0.00        0.11
CN+            2.882528E-017   3.455411E-017        0.20        0.00        0.08
HCNH+          8.355838E-012   1.530713E-011        0.83        1.83        0.26
HOC+           5.173161E-014   5.234468E-014        0.01        1.01        0.01
N2+            1.303661E-015   1.176299E-015       -0.10        1.11        0.04
HNO+           1.611017E-010   4.513487E-010        1.80        2.80        0.45
O2H+           6.943608E-017   0.000000E+000       -1.00        0.00       83.84
SiH4+          4.055110E-028   0.000000E+000       -1.00        0.00       72.61
SiH5+          1.322853E-021   0.000000E+000       -1.00        0.00       79.12
Cl+            7.974849E-018   0.000000E+000       -1.00        0.00       82.90
HCl+           1.268695E-017   0.000000E+000       -1.00        0.00       83.10
H2Cl+          2.032749E-013   0.000000E+000       -1.00    ********       87.31
CH3CN+         3.159798E-019   2.624955E-018        7.31        0.00        0.92
CH3CNH+        7.661462E-015   6.046089E-014        6.89        7.89        0.90
CP+            2.527456E-023   0.000000E+000       -1.00        0.00       77.40
HCP+           1.491360E-021   0.000000E+000       -1.00        0.00       79.17
HNSi+          3.391983E-020   0.000000E+000       -1.00        0.00       80.53
SiNH2+         6.077331E-014   0.000000E+000       -1.00    ********       86.78
PCH2+          7.859462E-016   0.000000E+000       -1.00    ********       84.90
HCO2+          7.915353E-012   1.798472E-011        1.27        2.27        0.36
HCS+           6.321479E-014   9.101318E-014        0.44        1.44        0.16
SiO+           4.175072E-017   0.000000E+000       -1.00        0.00       83.62
C3N+           5.978756E-022   0.000000E+000       -1.00        0.00       78.78
HC3N+          1.121387E-018   2.028526E-018        0.81        0.00        0.26
NCCNH+         1.302348E-017   0.000000E+000       -1.00        0.00       83.11
C3O+           7.194226E-020   0.000000E+000       -1.00        0.00       80.86
HC3O+          4.850562E-014   0.000000E+000       -1.00    ********       86.69
H3C3N+         1.644821E-021   0.000000E+000       -1.00        0.00       79.22
H4C3N+         1.709118E-020   0.000000E+000       -1.00        0.00       80.23
C2S+           6.445677E-021   0.000000E+000       -1.00        0.00       79.81
HC2S+          2.137692E-015   5.815942E-016       -0.73        3.68        0.57
C5H2+          1.457178E-017   0.000000E+000       -1.00        0.00       83.16
C4N+           3.278816E-020   3.908316E-020        0.19        0.00        0.08
HC4N+          2.390238E-022   0.000000E+000       -1.00        0.00       78.38
H2C4N+         2.390487E-022   0.000000E+000       -1.00        0.00       78.38
HSO2+          5.384286E-013   2.155898E-012        3.00        4.00        0.60
CH3C3N+        2.390341E-022   0.000000E+000       -1.00        0.00       78.38
CH3C3NH+       1.875087E-018   0.000000E+000       -1.00        0.00       82.27
C6H2+          3.689768E-018   4.352120E-018        0.18        0.00        0.07
C5N+           4.156176E-023   0.000000E+000       -1.00        0.00       77.62
HC5N+          9.722409E-023   0.000000E+000       -1.00        0.00       77.99
H2C5N+         3.571138E-018   0.000000E+000       -1.00        0.00       82.55
C7H2+          1.420693E-020   0.000000E+000       -1.00        0.00       80.15
C8H2+          2.677848E-020   3.557394E-020        0.33        0.00        0.12
C7N+           1.933456E-025   0.000000E+000       -1.00        0.00       75.29
HC7N+          6.992344E-023   0.000000E+000       -1.00        0.00       77.84
H2C7N+         3.264693E-021   0.000000E+000       -1.00        0.00       79.51
C9H2+          2.274295E-023   0.000000E+000       -1.00        0.00       77.36
C9N+           1.486698E-028   0.000000E+000       -1.00        0.00       72.17
HC9N+          5.702124E-026   0.000000E+000       -1.00        0.00       74.76
H2C9N+         2.808192E-024   0.000000E+000       -1.00        0.00       76.45
Na             1.394081E-010   3.000000E-009       20.52       21.52        1.33
Na+            2.860592E-009   0.000000E+000       -1.00    ********       91.46
Mg             2.696829E-010   1.357304E-010       -0.50        1.99        0.30
Mg+            2.730317E-009   2.864270E-009        0.05        1.05        0.02
H2CO+          2.450610E-014   2.409152E-014       -0.02        1.02        0.01
PH+            2.501205E-013   0.000000E+000       -1.00    ********       87.40
H2NO+          6.212716E-013   0.000000E+000       -1.00    ********       87.79
PH2+           3.375699E-015   0.000000E+000       -1.00    ********       85.53
CH3OH2+        9.453425E-017   3.055485E-016        2.23        0.00        0.51
PH3+           1.146686E-014   0.000000E+000       -1.00    ********       86.06
HCl            3.015482E-010   0.000000E+000       -1.00    ********       90.48
C2NH+          4.649427E-015   0.000000E+000       -1.00    ********       85.67
HC2O+          1.033343E-014   2.792821E-014        1.70        2.70        0.43
CH3CO+         2.925767E-014   4.347074E-014        0.49        1.49        0.17
NH2CNH+        7.055984E-015   0.000000E+000       -1.00    ********       85.85
SiCH3+         3.356603E-018   0.000000E+000       -1.00        0.00       82.53
SiCH4+         2.173813E-018   0.000000E+000       -1.00        0.00       82.34
HN2O+          2.509471E-014   0.000000E+000       -1.00    ********       86.40
CH3CHOH+       3.174675E-014   7.127056E-014        1.24        2.24        0.35
HPN+           9.497895E-013   0.000000E+000       -1.00    ********       87.98
H2CS+          1.785483E-016   5.212733E-017       -0.71        3.43        0.53
PCH4+          9.408970E-018   0.000000E+000       -1.00        0.00       82.97
C2H5OH         3.067390E-014   0.000000E+000       -1.00    ********       86.49
CH3OCH3        5.857890E-019   0.000000E+000       -1.00        0.00       81.77
CH3OCH4+       4.410867E-021   0.000000E+000       -1.00        0.00       79.64
HNS+           2.028721E-015   0.000000E+000       -1.00    ********       85.31
H3CS+          1.038138E-014   4.883868E-015       -0.53        2.13        0.33
H3SiO+         6.448299E-020   0.000000E+000       -1.00        0.00       80.81
HPO+           1.833694E-013   0.000000E+000       -1.00    ********       87.26
H2PO+          2.053311E-015   0.000000E+000       -1.00    ********       85.31
HSO+           8.369288E-012   1.711206E-011        1.04        2.04        0.31
C4H3+          2.681493E-015   7.008378E-015        1.61        2.61        0.42
C4H4+          4.243154E-017   0.000000E+000       -1.00        0.00       83.63
SiC2H2+        2.397580E-017   0.000000E+000       -1.00        0.00       83.38
SiNCH+         3.686886E-019   0.000000E+000       -1.00        0.00       81.57
SiC2H3+        2.717423E-017   0.000000E+000       -1.00        0.00       83.43
HC2P+          8.712398E-018   0.000000E+000       -1.00        0.00       82.94
Fe             1.742966E-010   3.000000E-009       16.21       17.21        1.24
Fe+            2.825703E-009   0.000000E+000       -1.00    ********       91.45
PC2H2+         7.501643E-018   0.000000E+000       -1.00        0.00       82.88
CH3COCH3       1.699660E-018   0.000000E+000       -1.00        0.00       82.23
C3H5+          6.937690E-017   0.000000E+000       -1.00        0.00       83.84
CH3COCH4+      2.440964E-020   0.000000E+000       -1.00        0.00       80.39
HCOOCH3        1.901405E-021   0.000000E+000       -1.00        0.00       79.28
H5C2O2+        1.898530E-023   0.000000E+000       -1.00        0.00       77.28
HOCS+          4.379205E-014   4.330340E-014       -0.01        1.01        0.00
HSiO2+         2.438678E-014   0.000000E+000       -1.00    ********       86.39
SiS            1.956766E-017   0.000000E+000       -1.00        0.00       83.29
HSiS+          2.352420E-019   0.000000E+000       -1.00        0.00       81.37
C5H5+          2.552451E-018   9.000102E-018        2.53        0.00        0.55
SiC3H+         7.650055E-017   0.000000E+000       -1.00        0.00       83.88
HS2+           3.066747E-018   0.000000E+000       -1.00        0.00       82.49
SiC3H2+        1.603338E-019   0.000000E+000       -1.00        0.00       81.21
HS2            2.132366E-014   0.000000E+000       -1.00    ********       86.33
H2S2+          1.041574E-016   0.000000E+000       -1.00    ********       84.02
H2S2           4.440645E-015   0.000000E+000       -1.00    ********       85.65
H3S2+          2.839887E-017   0.000000E+000       -1.00        0.00       83.45
PC3H+          2.171021E-019   0.000000E+000       -1.00        0.00       81.34
HC3S+          3.219043E-016   0.000000E+000       -1.00    ********       84.51
C6H3+          2.736238E-018   6.170576E-018        1.26        0.00        0.35
SiC4H+         6.143225E-022   0.000000E+000       -1.00        0.00       78.79
C6H6           2.325933E-017   0.000000E+000       -1.00        0.00       83.37
C6H7+          8.445812E-021   0.000000E+000       -1.00        0.00       79.93
PC4H+          6.354271E-019   0.000000E+000       -1.00        0.00       81.80
C4S            1.965449E-015   0.000000E+000       -1.00    ********       85.29
HC4S+          1.003284E-017   0.000000E+000       -1.00        0.00       83.00
C7H5+          2.026792E-020   0.000000E+000       -1.00        0.00       80.31
CH3C5NH+       3.513541E-023   0.000000E+000       -1.00        0.00       77.55
C8H3+          1.884831E-021   6.863581E-021        2.64        0.00        0.56
C9H3+          8.239227E-023   0.000000E+000       -1.00        0.00       77.92
CH3C7NH+       1.358012E-025   0.000000E+000       -1.00        0.00       75.13
P+             2.487623E-013   0.000000E+000       -1.00    ********       87.40
O2+            1.892739E-010   2.179369E-010        0.15        1.15        0.06
PO+            9.261863E-013   0.000000E+000       -1.00    ********       87.97
C2N+           4.419568E-013   7.639015E-013        0.73        1.73        0.24
S2+            3.352167E-016   0.000000E+000       -1.00    ********       84.53
CCP+           1.713198E-017   0.000000E+000       -1.00        0.00       83.23
H2NC+          6.673035E-012   1.396566E-011        1.09        2.09        0.32
CF+            4.828494E-012   0.000000E+000       -1.00    ********       88.68
CNC+           2.518436E-013   3.773233E-013        0.50        1.50        0.18
C-             8.456504E-020   0.000000E+000       -1.00        0.00       80.93
CCl+           3.991136E-014   0.000000E+000       -1.00    ********       86.60
SiNC+          4.787051E-015   0.000000E+000       -1.00    ********       85.68
E-             1.848656E-008   1.507330E-008       -0.18        1.23        0.09
C3S+           1.119177E-017   0.000000E+000       -1.00        0.00       83.05
SiC4+          1.431066E-018   0.000000E+000       -1.00        0.00       82.16
H3C5N+         3.092052E-021   0.000000E+000       -1.00        0.00       79.49
H3C7N+         6.906245E-023   0.000000E+000       -1.00        0.00       77.84
C10+           2.383838E-023   3.012251E-023        0.26        0.00        0.10
H3C9N+         1.485198E-025   0.000000E+000       -1.00        0.00       75.17
CH2CO+         1.757760E-015   3.245264E-015        0.85        1.85        0.27
NS+            4.108621E-014   0.000000E+000       -1.00    ********       86.61
C4H5+          1.159878E-019   0.000000E+000       -1.00        0.00       81.06
CH3C4H+        7.179357E-019   0.000000E+000       -1.00        0.00       81.86
CH3C6H+        6.663783E-021   0.000000E+000       -1.00        0.00       79.82
C9H4+          9.877037E-024   0.000000E+000       -1.00        0.00       76.99
CH4N+          5.048824E-015   0.000000E+000       -1.00    ********       85.70
OCN+           2.940661E-015   0.000000E+000       -1.00    ********       85.47
H2CCl+         1.056613E-016   0.000000E+000       -1.00    ********       84.02
H2SiO+         1.676372E-018   0.000000E+000       -1.00        0.00       82.22
PN+            9.256504E-015   0.000000E+000       -1.00    ********       85.97
OCS+           6.426520E-015   5.297189E-015       -0.18        1.21        0.08
PCH3+          1.411597E-016   0.000000E+000       -1.00    ********       84.15
HCOOH2+        2.389009E-012   0.000000E+000       -1.00    ********       88.38
C6H4+          1.819908E-019   0.000000E+000       -1.00        0.00       81.26
C8H4+          1.112935E-022   0.000000E+000       -1.00        0.00       78.05
C2H7+          7.519702E-023   0.000000E+000       -1.00        0.00       77.88
PNH2+          4.004091E-016   0.000000E+000       -1.00    ********       84.60
PNH3+          5.309689E-016   0.000000E+000       -1.00    ********       84.73
CH2NH2+        2.887236E-015   0.000000E+000       -1.00    ********       85.46
C2H5OH2+       2.689078E-016   0.000000E+000       -1.00    ********       84.43
HNCO+          6.576742E-019   0.000000E+000       -1.00        0.00       81.82
N2O+           6.318981E-014   0.000000E+000       -1.00    ********       86.80
SiF+           5.675368E-014   0.000000E+000       -1.00    ********       86.75
C2O+           5.043094E-018   0.000000E+000       -1.00        0.00       82.70
C4H7+          3.776615E-022   0.000000E+000       -1.00        0.00       78.58
PC2H3+         2.008461E-019   0.000000E+000       -1.00        0.00       81.30
CH3CS+         1.533019E-018   0.000000E+000       -1.00        0.00       82.19
PC2H4+         8.772934E-022   0.000000E+000       -1.00        0.00       78.94
CH3COCH3+      9.651395E-022   0.000000E+000       -1.00        0.00       78.98
C4S+           2.848716E-018   0.000000E+000       -1.00        0.00       82.45
CH3OH+         1.165725E-017   0.000000E+000       -1.00        0.00       83.07
CH3CHO+        5.860940E-016   1.001377E-015        0.71        1.71        0.23
C2H5OH+        8.385511E-018   0.000000E+000       -1.00        0.00       82.92
CH3OCH3+       1.687509E-022   0.000000E+000       -1.00        0.00       78.23
COOCH4+        7.940141E-025   0.000000E+000       -1.00        0.00       75.90
C4P+           1.770195E-022   0.000000E+000       -1.00        0.00       78.25
ClO+           0.000000E+000   0.000000E+000        0.00        0.00        -Inf
S-             2.488762E-017   0.000000E+000       -1.00        0.00       83.40
HCOOH+         3.732670E-027   0.000000E+000       -1.00        0.00       73.57
C3H2O+         4.222488E-018   0.000000E+000       -1.00        0.00       82.63
H3C3O+         5.678495E-015   0.000000E+000       -1.00    ********       85.75
NCCNCH3+       1.140672E-023   0.000000E+000       -1.00        0.00       77.06
C8H5+          3.313525E-022   0.000000E+000       -1.00        0.00       78.52
C9H5+          1.081238E-024   0.000000E+000       -1.00        0.00       76.03
