H              1.52E-006   1.40E-006        1.09        0.04 *
H2             5.00E-001   5.00E-001        1.00        0.00
D              2.38E-008   2.41E-008        1.01        0.01 *
D2             4.72E-006   4.71E-006        1.00        0.00
CH2            2.75E-013   2.63E-013        1.04        0.02
CH             6.05E-013   6.04E-013        1.00        0.00
CD             2.10E-014   2.20E-014        1.05        0.02
HD             1.05E-005   1.05E-005        1.00        0.00
CHD            1.84E-014   1.95E-014        1.06        0.02
CD2            1.23E-015   1.44E-015        1.17        0.07
O              2.05E-005   1.90E-005        1.07        0.03
CO             7.29E-005   7.29E-005        1.00        0.00 *
HCO            9.06E-013   1.02E-012        1.13        0.05
DCO            3.73E-014   4.45E-014        1.19        0.08
C              3.25E-012   3.74E-012        1.15        0.06
C2H            9.76E-013   1.06E-012        1.08        0.03 *
C2D            3.74E-014   5.18E-014        1.39        0.14 *
C3             1.51E-012   2.09E-012        1.39        0.14
CH2+           5.73E-018   5.63E-018        1.02        0.01
CH3+           2.96E-014   3.00E-014        1.01        0.00
CH2D+          2.27E-015   2.66E-015        1.17        0.07
CHD+           1.51E-020   1.81E-020        0.00        0.08
CHD2+          4.52E-016   4.81E-016        1.06        0.03
CD2+           9.17E-022   1.24E-010        0.00       11.13
CD3+           1.39E-017   1.60E-017        1.16        0.06
CH+            7.29E-020   7.61E-020        0.00        0.02
CD+            3.08E-021   3.28E-021        0.00        0.03
CO2            3.14E-008   4.46E-008        1.42        0.15 *
C2O            1.47E-015   1.50E-015        1.02        0.01
OH             1.86E-009   2.00E-009        1.08        0.03 *
OD             3.19E-011   3.51E-011        1.10        0.04 *
H2+            5.69E-015   5.69E-015        1.00        0.00
H3+            2.96E-011   3.06E-011        1.03        0.01 *
HD+            1.20E-019   0.00E+000    ********       81.08
H2D+           2.92E-012   3.20E-012        1.10        0.04 *
D2+            5.37E-020   0.00E+000        0.00       80.73
HD2+           8.30E-013   9.00E-013        1.08        0.03 *
D3+            1.04E-013   1.00E-013        1.04        0.02 *
O2             4.11E-005   4.16E-005        1.01        0.01 *
C2             5.23E-014   7.29E-014        1.39        0.14
N              1.65E-007   4.86E-008        3.39        0.53
CN             2.78E-013   4.29E-013        1.54        0.19
C2H+           1.15E-020   1.11E-020        0.00        0.02
C2H2+          2.90E-017   2.84E-017        1.02        0.01
C2HD+          2.18E-018   2.58E-018        1.18        0.07
C2D+           1.42E-022   1.84E-022        0.00        0.11
C2D2+          1.42E-019   1.68E-019        1.18        0.07
C2H3+          7.02E-015   6.65E-015        1.06        0.02
C2H2D+         7.09E-016   8.82E-016        1.24        0.09
C2HD2+         8.00E-017   9.88E-017        1.24        0.09
C2D3+          1.58E-018   1.90E-018        1.21        0.08
H2O+           4.22E-015   4.13E-015        1.02        0.01
H3O+           5.35E-011   4.95E-011        1.08        0.03
H2DO+          1.84E-012   1.81E-012        1.02        0.01
HDO+           1.18E-016   1.19E-016        1.02        0.01
HD2O+          1.03E-013   8.84E-014        1.16        0.07
D2O+           8.78E-018   8.59E-018        1.02        0.01
D3O+           2.02E-015   0.00E+000    ********       85.30
HCN            5.41E-010   7.41E-010        1.37        0.14 *
DCN            1.82E-011   2.82E-011        1.55        0.19 *
HNC            1.09E-009   1.53E-009        1.40        0.15 *
DNC            2.51E-011   4.62E-011        1.84        0.26 *
OCN            3.17E-011   4.96E-011        1.56        0.19
C4H+           2.57E-020   2.93E-020        0.00        0.06
C4H2+          8.62E-017   9.20E-017        1.07        0.03
C4HD+          7.93E-019   9.50E-019        1.20        0.08
C4D+           3.09E-022   3.75E-022        0.00        0.08
C4D2+          3.87E-021   6.18E-021        0.00        0.20
OH+            2.19E-015   2.15E-015        1.02        0.01
OD+            5.67E-017   5.74E-017        1.01        0.01
NO             1.67E-007   5.84E-007        3.51        0.54
E-             1.93E-008   2.08E-008        1.08        0.03
C3H2+          4.77E-017   4.31E-017        1.11        0.04
C3HD+          1.24E-018   1.82E-018        1.47        0.17
C3D2+          9.92E-021   1.52E-020        0.00        0.19
C5H+           3.51E-019   4.46E-019        1.27        0.10
C6+            2.40E-023   3.13E-023        0.00        0.12
He+            4.87E-012   4.87E-012        1.00        0.00
C+             1.28E-011   1.26E-011        1.02        0.01
He             1.40E-001   1.40E-001        1.00        0.00
CH5+           4.91E-014   4.86E-014        1.01        0.00
HCO+           1.41E-010   1.35E-010        1.04        0.02 *
CH4            2.65E-008   2.68E-008        1.01        0.01 *
CH4D+          3.66E-015   4.40E-015        1.20        0.08
DCO+           6.86E-012   6.88E-012        1.00        0.00 *
CH3D           3.51E-009   4.34E-009        1.24        0.09 *
CH3D2+         1.25E-015   1.40E-015        1.12        0.05
CH2D2          8.08E-010   9.72E-010        1.20        0.08 *
CH2D3+         6.97E-017   8.73E-017        1.25        0.10
CHD3           2.85E-011   3.79E-011        1.33        0.12
CHD4+          5.99E-020   0.00E+000        0.00       80.78
CD4            1.26E-014   0.00E+000    ********       86.10
CD5+           1.55E-022   0.00E+000        0.00       78.19
H+             1.45E-012   1.40E-012        1.03        0.01
D+             1.77E-020   1.78E-020        0.00        0.00
CO+            2.68E-016   2.66E-016        1.01        0.00
HCO2+          1.54E-014   1.81E-014        1.17        0.07
DCO2+          6.90E-016   0.00E+000    ********       84.84
C4             1.48E-018   1.62E-018        1.09        0.04
C6H2+          1.07E-020   1.29E-020        0.00        0.08
C5H            2.67E-017   3.69E-017        1.38        0.14
C7H+           3.85E-021   5.36E-021        0.00        0.14
C6             2.72E-019   3.31E-019        1.21        0.08
H2C3H+         6.09E-016   6.06E-016        1.01        0.00
C2H2           4.83E-010   5.02E-010        1.04        0.02
HDC3H+         1.58E-017   2.85E-017        1.81        0.26
C2HD           3.31E-011   4.74E-011        1.43        0.16
H2C3D+         7.85E-018   1.41E-017        1.79        0.25
D2C3H+         7.40E-020   1.36E-019        0.00        0.26
C2D2           1.66E-012   2.44E-012        1.47        0.17
HDC3D+         1.48E-019   2.72E-019        1.84        0.26
D2C3D+         4.40E-021   0.00E+000        0.00       79.64
C8H2+          8.70E-023   1.15E-022        0.00        0.12
C7H            6.58E-020   9.96E-020        0.00        0.18
H2O            1.80E-007   1.88E-007        1.04        0.02 *
HDO            4.20E-009   4.83E-009        1.15        0.06 *
D2O            1.18E-010   1.17E-010        1.01        0.00 *
HOC+           9.44E-016   9.30E-016        1.02        0.01
DOC+           1.79E-017   1.84E-017        1.03        0.01
H2CO+          4.97E-016   4.40E-016        1.13        0.05
HDCO+          2.97E-017   2.62E-017        1.13        0.05
D2CO+          2.68E-018   2.42E-018        1.11        0.04
F              6.08E-009   5.87E-009        1.04        0.02
HF             1.36E-008   1.38E-008        1.01        0.01 *
DF             3.19E-010   3.30E-010        1.03        0.01 *
HCNH+          1.87E-013   2.31E-013        1.24        0.09
DCNH+          6.05E-015   7.45E-015        1.23        0.09
HCND+          6.05E-015   7.64E-015        1.26        0.10
DCND+          4.85E-016   6.18E-016        1.28        0.11
H2O2           1.69E-142   5.81E-142        0.00      -41.24 *
HDO2           9.43E-144   3.28E-143        0.00      -42.48 *
D2O2           2.70E-145   0.00E+000        0.00      -44.57
H2CO           4.67E-013   5.34E-013        1.14        0.06 *
O2H            5.91E-011   1.83E-010        3.10        0.49 *
HDCO           2.19E-014   2.92E-014        1.33        0.12 *
O2D            2.03E-012   5.48E-012        2.70        0.43 *
D2CO           1.40E-015   1.82E-015        1.30        0.11 *
NH             8.42E-011   1.06E-010        1.25        0.10
ND             4.00E-012   6.49E-012        1.62        0.21
CH3OH          6.87E-014   9.71E-014        1.41        0.15 *
CH3            3.49E-013   3.97E-013        1.14        0.06
CH2D           2.20E-014   2.93E-014        1.33        0.12
CH2DOH         3.78E-015   5.58E-015        1.48        0.17 *
CH3OD          1.26E-015   1.86E-015        1.48        0.17 *
CHD2           3.04E-015   3.95E-015        1.30        0.11
CHD2OH         4.69E-016   6.37E-016        1.36        0.13 *
CH2DOD         4.69E-016   6.37E-016        1.36        0.13 *
CD3            5.16E-017   7.18E-017        1.39        0.14
CD3OH          1.02E-017   1.50E-017        1.46        0.17 *
CHD2OD         3.07E-017   4.50E-017        1.46        0.17 *
CD3OD          6.19E-019   9.48E-019        1.53        0.18 *
CH3OH2+        1.97E-017   2.33E-017        1.18        0.07
H3CO+          2.64E-016   2.14E-016        1.24        0.09
H2DCO+         1.86E-017   1.75E-017        1.06        0.02
HD2CO+         3.03E-018   2.90E-018        1.04        0.02
D3CO+          8.06E-020   0.00E+000        0.00       80.91
CH2DOH2+       2.93E-018   3.96E-018        1.35        0.13
CH3OHD+        9.10E-019   1.19E-018        1.30        0.12
CHD2OH2+       8.64E-019   1.05E-018        1.21        0.08
CH2DOHD+       1.08E-019   1.56E-019        1.45        0.16
CH3OD2+        3.82E-020   4.24E-020        0.00        0.05
CD3OH2+        3.53E-020   4.66E-020        0.00        0.12
CHD2OHD+       2.72E-020   3.63E-020        0.00        0.13
CH2DOD2+       4.03E-021   5.05E-021        0.00        0.10
CD3OHD+        1.04E-021   1.54E-021        0.00        0.17
CHD2OD2+       9.53E-022   1.12E-021        0.00        0.07
CD3OD2+        2.91E-023   0.00E+000        0.00       77.46
CH3CHO         7.63E-013   9.52E-013        1.25        0.10
C2H4           1.47E-011   1.66E-011        1.13        0.05
C2H3D          2.44E-012   3.50E-012        1.44        0.16
C2H2D2         3.61E-013   5.48E-013        1.52        0.18
C2HD3          1.44E-014   2.26E-014        1.57        0.20
C2D4           1.28E-016   0.00E+000    ********       84.11
CH4+           3.69E-019   3.20E-019        1.16        0.06
CH3D+          1.24E-008   1.41E-008        1.14        0.06
CH2D2+         1.79E-009   1.73E-009        1.04        0.02
CHD3+          4.87E-011   6.01E-011        1.24        0.09
CD4+           1.31E-014   0.00E+000    ********       86.12
C2H5+          9.58E-017   9.46E-017        1.01        0.01
C5H5+          2.62E-020   2.75E-020        0.00        0.02
C7H5+          1.95E-023   0.00E+000        0.00       77.29
NH3            2.71E-008   3.69E-008        1.36        0.13 *
NH4+           9.13E-013   1.09E-012        1.19        0.08
NH3+           3.69E-013   4.57E-013        1.24        0.09
NH2D+          1.01E-015   1.88E-015        1.86        0.27
NH2D           1.03E-009   1.66E-009        1.61        0.21 *
NHD2+          1.92E-017   3.43E-017        1.79        0.25
NHD2           2.05E-011   3.79E-011        1.85        0.27 *
ND3+           1.24E-019   3.17E-019        2.55        0.41
ND3            1.67E-013   3.74E-013        2.23        0.35 *
NH2            1.97E-011   2.43E-011        1.23        0.09
NHD            2.73E-013   4.54E-013        1.66        0.22
ND2            2.73E-015   5.12E-015        1.88        0.27
H2NC+          1.62E-013   2.00E-013        1.24        0.09
HDNC+          4.14E-015   6.70E-015        1.62        0.21
D2NC+          4.13E-017   7.66E-017        1.86        0.27
NH3D+          2.78E-014   3.96E-014        1.42        0.15
NH2D2+         8.25E-016   1.34E-015        1.63        0.21
NHD3+          1.35E-017   2.64E-017        1.96        0.29
ND4+           9.38E-020   0.00E+000        0.00       80.97
NH2+           3.16E-016   3.68E-016        1.17        0.07
NHD+           1.84E-019   2.84E-019        1.55        0.19
ND2+           2.70E-021   1.89E-022        0.00        1.15
NH2CN          2.36E-011   5.17E-011        2.19        0.34
NHDCN          1.03E-012   3.70E-012        3.58        0.55
ND2CN          2.18E-014   6.98E-014        3.21        0.51
CH4N+          1.64E-016   0.00E+000    ********       84.22
CH2NH          7.82E-012   1.24E-011        1.58        0.20
CHDNH          4.45E-013   0.00E+000    ********       87.65
CH2ND          2.23E-013   0.00E+000    ********       87.35
CD2NH          5.80E-015   0.00E+000    ********       85.76
CHDND          1.16E-014   0.00E+000    ********       86.06
CD2ND          1.63E-016   0.00E+000    ********       84.21
CH3CN          3.25E-013   4.82E-013        1.48        0.17 *
CH3CNH+        1.42E-016   1.86E-016        1.31        0.12
CH3CN+         4.04E-021   5.63E-021        0.00        0.14
CH2DCN+        4.24E-022   6.38E-022        0.00        0.18
CH2DCN         4.16E-014   6.66E-014        1.60        0.20 *
CHD2CN+        5.06E-023   3.86E-024        0.00        1.12
CHD2CN         2.83E-015   3.04E-015        1.07        0.03 *
CD3CN+         2.23E-024   6.90E-027        0.00        2.51
CD3CN          5.80E-017   6.90E-017        1.19        0.08 *
CH2DCNH+       9.82E-018   1.37E-017        1.39        0.14
CH3CND+        3.28E-018   4.87E-018        1.49        0.17
CHD2CNH+       6.67E-019   6.07E-019        1.10        0.04
CH2DCND+       6.67E-019   6.07E-019        1.10        0.04
CD3CNH+        1.39E-020   1.42E-020        0.00        0.01
CHD2CND+       4.16E-020   4.26E-020        0.00        0.01
CD3CND+        6.77E-022   0.00E+000        0.00       78.83
CNC+           3.62E-015   4.53E-015        1.25        0.10
HCN+           3.08E-019   3.93E-019        1.28        0.11
DCN+           3.20E-021   4.85E-021        0.00        0.18
CN+            5.96E-020   7.11E-020        0.00        0.08
C2N+           7.53E-015   9.80E-015        1.30        0.11
NCCN           3.48E-014   2.18E-013        6.28        0.80
HN2+           4.36E-012   4.30E-012        1.01        0.01 *
N2             1.05E-005   1.04E-005        1.01        0.01
DN2+           2.12E-013   2.71E-013        1.28        0.11 *
N2+            3.28E-017   3.23E-017        1.01        0.01
H2S            1.89E-011   1.77E-011        1.06        0.03 *
H3S+           2.83E-015   2.28E-015        1.24        0.09
H2DS+          1.81E-016   1.50E-016        1.20        0.08
HDS            8.11E-013   7.95E-013        1.02        0.01 *
HD2S+          5.78E-018   0.00E+000    ********       82.76
D2S            1.38E-014   0.00E+000    ********       86.14
D3S+           1.85E-019   0.00E+000    ********       81.27
H2S+           2.86E-016   2.24E-016        1.27        0.11
HDS+           2.53E-018   2.04E-018        1.24        0.09
D2S+           3.97E-020   0.00E+000        0.00       80.60
S+             9.30E-013   7.36E-013        1.26        0.10
HCS+           5.36E-015   4.42E-015        1.21        0.08
DCS+           1.77E-016   1.32E-016        1.34        0.13
HS+            4.38E-014   3.69E-014        1.18        0.07
DS+            2.18E-015   1.95E-015        1.12        0.05
H3CS+          3.99E-016   2.84E-016        1.40        0.15
H2DCS+         4.76E-017   4.64E-017        1.03        0.01
HD2CS+         5.38E-018   4.83E-018        1.11        0.05
D3CS+          1.33E-019   0.00E+000    ********       81.12
F+             5.75E-018   5.84E-018        1.02        0.01
CF+            5.69E-013   5.25E-013        1.08        0.03
H2F+           4.02E-013   3.72E-013        1.08        0.03
HDF+           2.98E-014   2.92E-014        1.02        0.01
D2F+           2.59E-015   0.00E+000    ********       85.41
C3H2           1.95E-011   2.41E-011        1.24        0.09 *
C4H            6.12E-015   7.67E-015        1.25        0.10
C3HD           9.75E-013   1.27E-012        1.30        0.12 *
C4D            3.88E-017   5.89E-017        1.52        0.18
C3D2           2.34E-014   3.30E-014        1.41        0.15
C3H3+          6.93E-016   7.40E-016        1.07        0.03
C3H2D+         5.08E-017   5.20E-017        1.02        0.01
C3HD2+         2.36E-018   2.57E-018        1.09        0.04
C3D3+          6.66E-020   0.00E+000        0.00       80.82
HCOOH          5.66E-010   8.55E-010        1.51        0.18 *
HCOOH2+        4.45E-014   5.12E-014        1.15        0.06
DCOOH2+        1.50E-015   1.91E-015        1.27        0.11
HCOOHD+        2.99E-015   3.86E-015        1.29        0.11
DCOOH          1.93E-011   3.19E-011        1.65        0.22 *
HCOOD          1.93E-011   3.19E-011        1.65        0.22 *
DCOOHD+        1.46E-016   1.90E-016        1.30        0.11
HCOOD2+        7.30E-017   9.36E-017        1.28        0.11
DCOOD          9.45E-013   1.54E-012        1.64        0.21 *
DCOOD2+        3.64E-018   0.00E+000    ********       82.56
C3H+           5.41E-019   5.50E-019        1.02        0.01
C3D+           1.95E-020   2.79E-020        0.00        0.16
C5+            1.79E-024   2.32E-024        0.00        0.11
C3+            2.31E-021   4.26E-022        0.00        0.73
C2N            2.67E-014   1.43E-014        1.87        0.27
C2H2D2+        1.18E-018   1.41E-018        1.19        0.08
C2HD3+         2.77E-021   0.00E+000        0.00       79.44
C2D4+          3.31E-023   0.00E+000        0.00       77.52
HC2O+          3.50E-016   2.93E-016        1.20        0.08
DC2O+          1.35E-017   1.82E-017        1.34        0.13
C4+            7.52E-021   8.30E-021        0.00        0.04
C5D+           1.40E-020   2.06E-020        0.00        0.17
C10+           4.25E-026   5.86E-026        0.00        0.14
C8             1.84E-021   2.83E-021        0.00        0.19
C9             2.06E-019   3.45E-019        1.67        0.22
C6H            4.69E-018   6.92E-018        1.48        0.17
C5             2.13E-014   3.37E-014        1.58        0.20
C2NH+          3.24E-017   2.80E-017        1.15        0.06
C2ND+          7.16E-019   4.84E-019        1.48        0.17
C7             5.38E-016   8.92E-016        1.66        0.22
C3H            1.38E-014   1.70E-014        1.23        0.09
C3D            2.08E-016   3.16E-016        1.52        0.18
HC3O+          4.57E-016   2.90E-017       15.75        1.20
C3O            6.50E-012   4.59E-013       14.17        1.15
DC3O+          4.43E-018   0.00E+000    ********       82.65
C8H            1.17E-020   1.81E-020        0.00        0.19
H2C5N+         1.64E-020   1.77E-020        0.00        0.03
C5N            3.09E-019   3.18E-019        1.03        0.01
HC5N           6.70E-017   1.00E-016        1.50        0.18
C2H4+          2.27E-016   2.29E-016        1.01        0.00
C2H3D+         2.53E-017   3.09E-017        1.22        0.09
C5N+           1.54E-026   5.79E-027        0.00        0.43
C6H+           1.45E-021   1.94E-021        0.00        0.13
S              9.29E-009   8.40E-009        1.11        0.04
Fe             1.45E-009   1.49E-009        1.03        0.01
Fe+            1.55E-009   1.51E-009        1.03        0.01
Si             1.47E-013   1.28E-013        1.16        0.06
Si+            2.26E-013   2.16E-013        1.05        0.02
Mg             1.69E-009   1.76E-009        1.04        0.02
Mg+            1.31E-009   1.24E-009        1.06        0.02
Na             1.11E-009   1.30E-009        1.17        0.07
Na+            1.89E-009   1.70E-009        1.11        0.05
HeH+           1.38E-016   1.38E-016        1.00        0.00
HeD+           2.75E-021   0.00E+000        0.00       79.44
C2+            7.65E-021   7.18E-021        0.00        0.03
P              2.26E-010   3.00E-009       13.28        1.12
P+             2.59E-015   0.00E+000    ********       85.41
O2+            7.16E-012   6.60E-012        1.09        0.04
CO2+           3.89E-020   0.00E+000        0.00       80.59
C7+            1.14E-024   1.60E-024        0.00        0.15
C8+            3.15E-024   4.77E-024        0.00        0.18
C7N+           1.69E-028   0.00E+000        0.00       72.23
C9+            1.99E-027   2.73E-027        0.00        0.14
C9H+           1.46E-024   2.01E-024        0.00        0.14
C8H+           1.58E-026   2.24E-026        0.00        0.15
H-             6.25E-014   7.48E-014        1.20        0.08
D-             1.25E-018   0.00E+000    ********       82.10
C2H3           1.04E-015   1.20E-015        1.15        0.06
C2H2D          9.14E-017   1.39E-016        1.52        0.18
C2HD2          4.38E-018   7.35E-018        1.68        0.22
C2D3           6.05E-020   0.00E+000        0.00       80.78
CH3CHOH+       2.45E-016   2.28E-016        1.07        0.03
CH3CHO+        3.74E-018   0.00E+000    ********       82.57
CH2DCHO+       4.00E-019   0.00E+000    ********       81.60
CH3CDO+        1.34E-019   0.00E+000    ********       81.13
CH2DCHO        8.49E-014   1.20E-013        1.42        0.15
CH3CDO         2.83E-014   0.00E+000    ********       86.45
CHD2CHO+       1.46E-020   0.00E+000        0.00       80.17
CH2DCDO+       1.46E-020   0.00E+000        0.00       80.17
CHD2CHO        3.23E-015   5.37E-015        1.66        0.22
CH2DCDO        3.23E-015   5.37E-015        1.66        0.22
CD3CHO+        1.82E-022   0.00E+000        0.00       78.26
CHD2CDO+       5.43E-022   0.00E+000        0.00       78.73
CD3CHO         4.17E-017   0.00E+000    ********       83.62
CHD2CDO        1.25E-016   0.00E+000    ********       84.10
CD3CDO+        1.03E-023   0.00E+000        0.00       77.01
CD3CDO         2.47E-018   0.00E+000    ********       82.39
CH2DCHOH+      1.59E-017   1.84E-017        1.15        0.06
CH3CDOH+       5.32E-018   6.12E-018        1.15        0.06
CH3CHOD+       5.32E-018   6.12E-018        1.15        0.06
CHD2CHOH+      6.06E-019   8.24E-019        1.36        0.13
CH2DCDOH+      6.06E-019   8.24E-019        1.36        0.13
CH2DCHOD+      6.06E-019   8.24E-019        1.36        0.13
CH3CDOD+       2.02E-019   2.75E-019        1.36        0.13
CD3CHOH+       7.68E-021   0.00E+000        0.00       79.89
CHD2CDOH+      2.30E-020   0.00E+000        0.00       80.36
CHD2CHOD+      2.30E-020   0.00E+000        0.00       80.36
CH2DCDOD+      2.30E-020   0.00E+000        0.00       80.36
CD3CDOH+       4.51E-022   0.00E+000        0.00       78.65
CD3CHOD+       4.51E-022   0.00E+000        0.00       78.65
CHD2CDOD+      1.35E-021   0.00E+000        0.00       79.13
CD3CDOD+       3.06E-023   0.00E+000        0.00       77.49
CH3CO+         4.92E-016   4.68E-016        1.05        0.02
CH2DCO+        4.43E-017   6.11E-017        1.38        0.14
CHD2CO+        4.81E-018   4.59E-018        1.05        0.02
CD3CO+         1.47E-019   0.00E+000    ********       81.17
C3H3           5.49E-015   2.22E-014        4.03        0.61
C3H2D          4.02E-016   2.18E-015        5.41        0.73
C3HD2          4.36E-017   2.50E-016        5.73        0.76
C3D3           7.87E-019   4.86E-018        6.18        0.79
C2H4D+         1.38E-017   1.97E-017        1.42        0.15
C2H3D2+        2.10E-018   3.37E-018        1.60        0.20
C2H2D3+        1.40E-019   2.34E-019        1.67        0.22
C2HD4+         3.64E-021   0.00E+000        0.00       79.56
C2D5+          2.73E-023   0.00E+000        0.00       77.44
C5H2           5.64E-015   7.11E-015        1.26        0.10
C5H4D+         0.00E+000   0.00E+000        0.00        -Inf
C5HD           1.04E-015   1.57E-015        1.52        0.18
C5H3D2+        0.00E+000   0.00E+000        0.00        -Inf
C5D2           3.29E-017   0.00E+000    ********       83.52
C5H2D3+        0.00E+000   0.00E+000        0.00        -Inf
C5HD4+         0.00E+000   0.00E+000        0.00        -Inf
C5D5+          0.00E+000   0.00E+000        0.00        -Inf
CH3C4H         1.37E-015   1.77E-015        1.30        0.11
CH2DC4H        0.00E+000   0.00E+000        0.00        -Inf
CH3C4D         0.00E+000   0.00E+000        0.00        -Inf
CHD2C4H        0.00E+000   0.00E+000        0.00        -Inf
CH2DC4D        0.00E+000   0.00E+000        0.00        -Inf
CD3C4H         0.00E+000   0.00E+000        0.00        -Inf
CHD2C4D        0.00E+000   0.00E+000        0.00        -Inf
CD3C4D         0.00E+000   0.00E+000        0.00        -Inf
H3C5N+         6.91E-024   0.00E+000        0.00       76.84
H3C7N+         3.28E-025   0.00E+000        0.00       75.52
C7H2           8.36E-018   1.14E-017        1.36        0.13
CH3C6H         7.63E-019   0.00E+000    ********       81.88
HNO            2.48E-011   3.07E-011        1.24        0.09
DNO            1.74E-013   2.91E-013        1.67        0.22
NH+            6.52E-017   7.57E-017        1.16        0.07
ND+            1.61E-021   0.00E+000        0.00       79.21
NH2CNH+        2.72E-016   5.32E-016        1.96        0.29
NHDCNH+        1.71E-017   4.75E-017        2.78        0.44
NH2CND+        8.52E-018   2.37E-017        2.78        0.44
ND2CNH+        4.29E-019   1.01E-018        2.36        0.37
NHDCND+        8.59E-019   2.02E-018        2.36        0.37
ND2CND+        3.61E-020   0.00E+000        0.00       80.56
CH3DN+         7.23E-021   0.00E+000        0.00       79.86
CH2D2N+        9.42E-022   0.00E+000        0.00       78.97
CHD3N+         2.59E-023   0.00E+000        0.00       77.41
CD4N+          1.64E-025   0.00E+000        0.00       75.21
CH2NH2+        2.63E-016   3.67E-016        1.39        0.14
CHDNH2+        1.28E-017   0.00E+000    ********       83.11
CH2NHD+        1.28E-017   0.00E+000    ********       83.11
CD2NH2+        2.03E-019   0.00E+000    ********       81.31
CHDNHD+        8.11E-019   0.00E+000    ********       81.91
CH2ND2+        2.03E-019   0.00E+000    ********       81.31
CD2NHD+        1.23E-020   0.00E+000        0.00       80.09
CHDND2+        1.23E-020   0.00E+000        0.00       80.09
CD2ND2+        1.93E-022   0.00E+000        0.00       78.29
CH2CN          2.47E-012   3.52E-012        1.43        0.15
CHDCN          1.24E-013   1.96E-013        1.58        0.20
CD2CN          4.17E-015   4.48E-015        1.07        0.03
N+             6.87E-015   6.79E-015        1.01        0.01
HS             9.14E-013   1.20E-012        1.31        0.12
DS             2.09E-014   3.23E-014        1.54        0.19
SO+            1.22E-013   1.03E-013        1.18        0.07
NS+            2.42E-016   5.70E-017        4.25        0.63
C2S+           5.91E-023   5.86E-023        0.00        0.00
CS+            4.89E-019   4.64E-019        1.05        0.02
CS             2.93E-010   2.68E-010        1.09        0.04
OCS+           2.02E-015   2.05E-015        1.01        0.01
H2CS           8.57E-012   6.63E-012        1.29        0.11
HDCS           7.14E-013   7.96E-013        1.11        0.05
D2CS           3.91E-014   4.00E-014        1.02        0.01
OCS            2.62E-009   2.47E-009        1.06        0.03
HF+            1.68E-018   1.71E-018        1.02        0.01
DF+            3.35E-023   0.00E+000        0.00       77.53
HC5N+          2.80E-026   1.33E-026        0.00        0.32
C4N            1.26E-016   5.53E-017        2.27        0.36
C7N            7.28E-022   0.00E+000        0.00       78.86
C3N            1.00E-016   4.94E-017        2.03        0.31
HCS            1.96E-016   1.74E-016        1.13        0.05
DCS            6.78E-018   6.75E-018        1.00        0.00
C2S            9.30E-013   9.50E-013        1.02        0.01
SO             2.83E-009   3.05E-009        1.08        0.03
HC4S+          8.09E-020   7.02E-020        0.00        0.06
DC4S+          1.30E-021   0.00E+000        0.00       79.11
NO+            1.71E-013   4.85E-013        2.84        0.45
SiH+           2.48E-018   2.02E-018        1.22        0.09
SiD+           1.02E-019   0.00E+000    ********       81.01
HCSi           9.54E-019   1.03E-018        1.08        0.04
DCSi           1.55E-020   0.00E+000        0.00       80.19
SiO            2.97E-009   2.95E-009        1.01        0.00
SiOH+          1.50E-013   1.30E-013        1.15        0.06
SiOD+          5.18E-015   0.00E+000    ********       85.71
SiC            2.05E-017   2.03E-017        1.01        0.00
SiN            1.44E-014   1.90E-014        1.32        0.12
HCSi+          1.66E-024   1.77E-024        0.00        0.03
DCSi+          7.55E-027   0.00E+000        0.00       73.88
SiC2+          4.52E-025   4.12E-025        0.00        0.04
SiNC+          7.02E-017   9.22E-017        1.31        0.12
SiC+           1.42E-024   1.66E-024        0.00        0.07
SiO+           3.53E-019   3.33E-019        1.06        0.02
SiCH2+         2.39E-020   2.34E-020        0.00        0.01
SiCHD+         1.53E-022   0.00E+000        0.00       78.19
SiCD2+         5.20E-024   0.00E+000        0.00       76.72
HPO+           1.74E-015   0.00E+000    ********       85.24
DPO+           7.09E-017   0.00E+000    ********       83.85
PH+            8.98E-016   0.00E+000    ********       84.95
PD+            4.30E-017   0.00E+000    ********       83.63
PCH2+          7.27E-018   0.00E+000    ********       82.86
PCHD+          5.61E-019   0.00E+000    ********       81.75
PCD2+          2.70E-020   0.00E+000        0.00       80.43
PC4H+          1.07E-021   0.00E+000        0.00       79.03
PC4D+          4.96E-024   0.00E+000        0.00       76.70
PO+            7.69E-015   0.00E+000    ********       85.89
CP             1.21E-016   0.00E+000    ********       84.08
PH2+           1.57E-017   0.00E+000    ********       83.20
PHD+           2.76E-019   0.00E+000    ********       81.44
PD2+           1.14E-020   0.00E+000        0.00       80.06
HC7N+          5.55E-026   0.00E+000        0.00       74.74
C9N+           6.43E-032   0.00E+000        0.00       68.81
CH2CO          7.96E-012   1.02E-011        1.28        0.11
CHDCO          5.06E-013   9.19E-013        1.82        0.26
CD2CO          2.37E-014   2.91E-014        1.23        0.09
H2CCCC         8.41E-013   1.10E-012        1.31        0.12
HDCCCC         8.52E-014   1.41E-013        1.66        0.22
D2CCCC         2.78E-015   5.22E-015        1.88        0.27
HC3N           1.87E-013   1.30E-013        1.44        0.16
DC3N           8.06E-015   7.28E-015        1.11        0.04
CH3C4H+        1.03E-020   1.06E-020        0.00        0.01
CH2DC4H+       4.68E-022   0.00E+000        0.00       78.67
CH3C4D+        1.56E-022   0.00E+000        0.00       78.19
CHD2C4H+       2.72E-023   0.00E+000        0.00       77.43
CH2DC4D+       2.72E-023   0.00E+000        0.00       77.43
CD3C4H+        4.71E-025   0.00E+000        0.00       75.67
CHD2C4D+       1.41E-024   0.00E+000        0.00       76.15
CD3C4D+        2.56E-026   0.00E+000        0.00       74.41
C5H3+          1.50E-019   1.63E-019        1.09        0.04
C5H2D+         7.03E-021   1.08E-020        0.00        0.19
C5HD2+         6.83E-022   0.00E+000        0.00       78.83
C5D3+          3.76E-023   0.00E+000        0.00       77.58
C6H3+          2.07E-020   2.68E-020        0.00        0.11
C6H2           1.76E-015   2.52E-015        1.43        0.16
CH3C3NH+       1.81E-020   0.00E+000        0.00       80.26
HC7N           2.09E-019   0.00E+000    ********       81.32
CH3C5NH+       1.30E-025   0.00E+000        0.00       75.12
CH3C6H+        1.06E-023   0.00E+000        0.00       77.03
C8H3+          8.49E-024   9.57E-024        0.00        0.05
C7H3+          3.16E-022   4.04E-022        0.00        0.11
C8H2           6.61E-019   9.24E-019        1.40        0.15
NS             4.28E-014   4.97E-014        1.16        0.06
HC2S+          6.08E-017   5.08E-017        1.20        0.08
DC2S+          2.32E-018   0.00E+000    ********       82.36
H2CS+          6.14E-018   4.42E-018        1.39        0.14
HDCS+          3.60E-019   3.67E-019        1.02        0.01
D2CS+          1.10E-020   1.08E-020        0.00        0.01
HOCS+          1.75E-014   1.47E-014        1.19        0.07
DOCS+          8.63E-016   0.00E+000    ********       84.94
O+             6.44E-016   6.44E-016        1.00        0.00
H2C7N+         9.43E-024   0.00E+000        0.00       76.97
HC3S+          7.39E-018   6.32E-018        1.17        0.07
DC3S+          1.30E-019   0.00E+000    ********       81.11
C3S            9.14E-014   8.66E-014        1.05        0.02
C4S            6.29E-016   6.36E-016        1.01        0.00
SiN+           1.59E-017   1.99E-017        1.25        0.10
SiH            3.67E-017   3.93E-017        1.07        0.03
SiD            1.05E-020   0.00E+000        0.00       80.02
SiC2           5.13E-017   5.04E-017        1.02        0.01
SiC3+          8.32E-021   5.39E-021        0.00        0.19
SiC2H+         1.17E-018   1.04E-018        1.12        0.05
SiC2D+         4.22E-020   0.00E+000        0.00       80.63
PH             3.96E-013   0.00E+000    ********       87.60
PD             1.60E-014   0.00E+000    ********       86.20
HCP            3.62E-013   0.00E+000    ********       87.56
DCP            1.49E-014   0.00E+000    ********       86.17
CCP            8.90E-018   0.00E+000    ********       82.95
C4P            2.95E-020   0.00E+000        0.00       80.47
C3P            1.38E-020   0.00E+000        0.00       80.14
HC9N+          2.08E-029   0.00E+000        0.00       71.32
CH2CO+         3.08E-017   2.95E-017        1.04        0.02
CHDCO+         2.01E-018   2.70E-018        1.34        0.13
CD2CO+         9.63E-020   1.02E-019        0.00        0.03
C5D            4.59E-016   7.31E-016        1.59        0.20
C4H3+          6.54E-018   7.53E-018        1.15        0.06
C4H2D+         3.10E-019   4.60E-019        1.48        0.17
C4HD2+         2.68E-020   4.41E-020        0.00        0.22
C4D3+          1.25E-021   0.00E+000        0.00       79.10
HC3NH+         5.74E-018   3.52E-018        1.63        0.21
DC3NH+         9.05E-020   6.50E-020        0.00        0.14
HC3ND+         9.05E-020   6.50E-020        0.00        0.14
DC3ND+         1.18E-020   7.70E-021        0.00        0.18
HC3N+          3.87E-021   2.63E-021        0.00        0.17
DC3N+          2.61E-023   2.50E-023        0.00        0.02
C3N+           1.20E-023   8.44E-024        0.00        0.15
C4N+           1.23E-021   8.47E-022        0.00        0.16
C7H2+          3.61E-024   0.00E+000        0.00       76.56
C6H4+          1.63E-021   1.84E-021        0.00        0.05
CH2DC3NH+      1.57E-022   0.00E+000        0.00       78.20
CH3C3ND+       5.24E-023   0.00E+000        0.00       77.72
CHD2C3NH+      3.04E-024   0.00E+000        0.00       76.48
CH2DC3ND+      3.04E-024   0.00E+000        0.00       76.48
CD3C3NH+       9.04E-026   0.00E+000        0.00       74.96
CHD2C3ND+      2.71E-025   0.00E+000        0.00       75.43
CD3C3ND+       6.47E-027   0.00E+000        0.00       73.81
CH3C3N+        1.80E-024   0.00E+000        0.00       76.26
CH2DC3N+       2.82E-026   0.00E+000        0.00       74.45
CHD2C3N+       1.24E-029   0.00E+000        0.00       71.09
CD3C3N+        8.85E-032   0.00E+000        0.00       68.95
CH3C5N         1.17E-021   0.00E+000        0.00       79.07
C9H2+          9.51E-027   0.00E+000        0.00       73.98
C9H            4.97E-023   5.42E-023        0.00        0.04
C9H3+          3.19E-025   3.75E-025        0.00        0.07
C3S+           1.24E-019   1.07E-019        1.16        0.07
C4S+           1.84E-021   1.69E-021        0.00        0.04
SiC3           1.12E-017   1.34E-017        1.20        0.08
SiC4+          2.56E-022   3.16E-022        0.00        0.09
SiC2H3+        3.06E-019   2.13E-019        1.43        0.16
SiC2H2D+       2.58E-020   0.00E+000        0.00       80.41
SiC2HD2+       1.44E-021   0.00E+000        0.00       79.16
SiC2D3+        3.79E-023   0.00E+000        0.00       77.58
PO             6.84E-011   0.00E+000    ********       89.83
HCP+           5.72E-024   0.00E+000        0.00       76.76
DCP+           2.12E-025   0.00E+000        0.00       75.33
CCP+           1.08E-019   0.00E+000    ********       81.03
HC2P           2.86E-019   0.00E+000    ********       81.46
DC2P           1.15E-020   0.00E+000        0.00       80.06
PC3H+          4.87E-022   0.00E+000        0.00       78.69
PC3D+          6.34E-024   0.00E+000        0.00       76.80
H2C9N+         2.78E-027   0.00E+000        0.00       73.44
C5H2+          1.30E-020   1.36E-020        0.00        0.02
C5HD+          6.22E-021   9.31E-021        0.00        0.18
C5D2+          3.42E-022   0.00E+000        0.00       78.53
H2C4N+         1.79E-024   0.00E+000        0.00       76.25
HDC4N+         3.75E-026   0.00E+000        0.00       74.57
D2C4N+         6.50E-030   0.00E+000        0.00       70.81
C10            1.58E-029   0.00E+000        0.00       71.20
C9H4+          2.98E-026   0.00E+000        0.00       74.47
C9H2           8.83E-021   9.87E-021        0.00        0.05
SiC4H+         6.56E-025   5.31E-025        0.00        0.09
SiC4D+         2.02E-026   0.00E+000        0.00       74.31
SiC4           9.25E-024   8.41E-024        0.00        0.04
SiC3H+         7.94E-019   8.44E-019        1.06        0.03
SiC3D+         2.04E-020   0.00E+000        0.00       80.31
SiC3H2+        4.07E-022   1.44E-021        0.00        0.55
SiC3HD+        1.53E-023   0.00E+000        0.00       77.18
SiC3D2+        8.83E-025   0.00E+000        0.00       75.95
SiC2H          3.39E-015   2.67E-015        1.27        0.10
SiC2D          1.10E-016   0.00E+000    ********       84.04
SiC2H2         2.58E-015   2.19E-015        1.18        0.07
SiC2HD         1.60E-016   0.00E+000    ********       84.20
SiC2D2         5.05E-018   0.00E+000    ********       82.70
SiCH4+         1.14E-020   1.09E-020        0.00        0.02
SiCH3D+        1.49E-021   0.00E+000        0.00       79.17
SiCH2D2+       2.74E-022   0.00E+000        0.00       78.44
SiCHD3+        1.07E-023   0.00E+000        0.00       77.03
SiCD4+         5.69E-026   0.00E+000        0.00       74.76
PN             2.70E-009   0.00E+000    ********       91.43
C9N            3.17E-025   0.00E+000        0.00       75.50
HC9N           5.38E-023   0.00E+000        0.00       77.73
HC4N+          1.78E-024   0.00E+000        0.00       76.25
DC4N+          5.62E-026   0.00E+000        0.00       74.75
H3C9N+         1.21E-028   0.00E+000        0.00       72.08
SiC2H2+        2.68E-019   1.85E-019        1.45        0.16
SiC2HD+        1.88E-020   0.00E+000        0.00       80.27
SiC2D2+        5.60E-022   0.00E+000        0.00       78.75
SiC3H          3.09E-018   1.26E-017        4.07        0.61
SiC3D          2.31E-019   0.00E+000    ********       81.36
SiCH2          6.49E-016   6.95E-016        1.07        0.03
SiCHD          5.17E-017   0.00E+000    ********       83.71
SiCD2          2.31E-018   0.00E+000    ********       82.36
SiCH3          2.57E-016   2.98E-016        1.16        0.06
SiCH2D         4.04E-017   0.00E+000    ********       83.61
SiCHD2         4.67E-018   0.00E+000    ********       82.67
SiCD3          8.81E-020   0.00E+000        0.00       80.94
HPN+           1.06E-013   0.00E+000    ********       87.03
DPN+           4.29E-015   0.00E+000    ********       85.63
PN+            8.67E-016   0.00E+000    ********       84.94
CH3C7NH+       4.08E-028   0.00E+000        0.00       72.61
SiCH3+         9.63E-021   9.05E-021        0.00        0.03
SiCH2D+        1.23E-021   0.00E+000        0.00       79.09
SiCHD2+        8.57E-023   0.00E+000        0.00       77.93
SiCD3+         2.64E-024   0.00E+000        0.00       76.42
CH3C7N         3.58E-024   0.00E+000        0.00       76.55
CH2CN+         1.50E-017   1.92E-017        1.28        0.11
CHDCN+         6.91E-019   9.82E-019        1.42        0.15
CD2CN+         2.08E-020   1.81E-020        0.00        0.06
S2+            1.50E-016   1.05E-016        1.44        0.16
HS2+           1.55E-019   0.00E+000    ********       81.19
DS2+           3.49E-021   0.00E+000        0.00       79.54
SiF+           4.65E-015   4.08E-015        1.14        0.06
SiS+           2.48E-017   0.00E+000    ********       83.39
SiNCH+         1.63E-021   0.00E+000        0.00       79.21
SiNCD+         5.45E-023   0.00E+000        0.00       77.74
PCH4+          4.05E-020   0.00E+000        0.00       80.61
H2PO+          6.01E-018   0.00E+000    ********       82.78
HDPO+          2.81E-019   0.00E+000    ********       81.45
D2PO+          3.60E-021   0.00E+000        0.00       79.56
H3S2+          9.65E-019   0.00E+000    ********       81.98
H2DS2+         4.38E-020   0.00E+000        0.00       80.64
HD2S2+         1.39E-021   0.00E+000        0.00       79.14
D3S2+          3.71E-023   0.00E+000        0.00       77.57
SiNH2+         1.26E-015   1.50E-015        1.19        0.08
SiNHD+         5.25E-017   0.00E+000    ********       83.72
SiND2+         1.14E-018   0.00E+000    ********       82.06
PCH3D+         4.64E-021   0.00E+000        0.00       79.67
PCH2D2+        6.90E-022   0.00E+000        0.00       78.84
PCHD3+         3.08E-023   0.00E+000        0.00       77.49
PCD4+          3.04E-025   0.00E+000        0.00       75.48
CH2PH          5.70E-019   0.00E+000    ********       81.76
CHDPH          3.49E-020   0.00E+000        0.00       80.54
CH2PD          1.75E-020   0.00E+000        0.00       80.24
CD2PH          1.68E-021   0.00E+000        0.00       79.23
CHDPD          3.36E-021   0.00E+000        0.00       79.53
CD2PD          1.10E-022   0.00E+000        0.00       78.04
HPO            2.70E-016   0.00E+000    ********       84.43
DPO            4.90E-018   0.00E+000    ********       82.69
HS2            2.60E-014   0.00E+000    ********       86.41
DS2            6.73E-016   0.00E+000    ********       84.83
H2S2           5.70E-015   0.00E+000    ********       85.76
HDS2           1.75E-016   0.00E+000    ********       84.24
D2S2           2.92E-018   0.00E+000    ********       82.47
HNSi           2.82E-011   4.49E-011        1.59        0.20
DNSi           6.00E-013   0.00E+000    ********       87.78
HNSi+          0.00E+000   0.00E+000        0.00        -Inf
DNSi+          0.00E+000   0.00E+000        0.00        -Inf
PH2            8.48E-017   0.00E+000    ********       83.93
PHD            2.67E-018   0.00E+000    ********       82.43
PD2            8.38E-022   0.00E+000        0.00       78.92
H2S2+          3.25E-018   0.00E+000    ********       82.51
HDS2+          1.84E-019   0.00E+000    ********       81.26
D2S2+          4.66E-021   0.00E+000        0.00       79.67
PH3+           2.13E-017   0.00E+000    ********       83.33
PH2D+          1.02E-018   0.00E+000    ********       82.01
PHD2+          2.22E-022   0.00E+000        0.00       78.35
PD3+           9.63E-024   0.00E+000        0.00       76.98
CN-            7.67E-017   0.00E+000    ********       83.88
CH3C3N         3.23E-016   0.00E+000    ********       84.51
CH2DC3N        2.22E-011   0.00E+000    ********       89.35
CHD2C3N        1.27E-012   0.00E+000    ********       88.10
CD3C3N         3.78E-014   0.00E+000    ********       86.58
H2SiO+         3.37E-021   0.00E+000        0.00       79.53
HDSiO+         9.14E-023   0.00E+000        0.00       77.96
D2SiO+         1.27E-026   0.00E+000        0.00       74.10
S2             1.17E-015   0.00E+000    ********       85.07
SiNC           9.20E-020   0.00E+000        0.00       80.96
SiH3+          1.82E-020   0.00E+000        0.00       80.26
SiH2D+         7.52E-022   0.00E+000        0.00       78.88
SiHD2+         1.88E-025   0.00E+000        0.00       75.27
SiD3+          7.09E-027   0.00E+000        0.00       73.85
OH-            3.14E-014   0.00E+000    ********       86.50
OD-            1.63E-016   0.00E+000    ********       84.21
SiH2           5.05E-020   0.00E+000        0.00       80.70
SiHD           1.37E-021   0.00E+000        0.00       79.14
SiD2           1.91E-025   0.00E+000        0.00       75.28
O-             1.62E-018   0.00E+000    ********       82.21
H2CCC          8.73E-015   9.91E-015        1.13        0.05
HDCCC          2.24E-016   4.68E-016        2.08        0.32
D2CCC          1.11E-018   0.00E+000    ********       82.05
C2H5OH2+       2.68E-018   0.00E+000    ********       82.43
C3O+           3.60E-022   0.00E+000        0.00       78.56
H3C3O+         3.98E-017   0.00E+000    ********       83.60
H2DC3O+        4.02E-018   0.00E+000    ********       82.60
HD2C3O+        4.54E-019   0.00E+000    ********       81.66
D3C3O+         8.94E-021   0.00E+000        0.00       79.95
HC2P+          7.16E-020   0.00E+000        0.00       80.85
DC2P+          2.61E-021   0.00E+000        0.00       79.42
C3H5+          2.34E-018   2.18E-018        1.07        0.03
C3H4D+         2.89E-020   3.88E-020        0.00        0.13
C3H3D2+        3.93E-022   0.00E+000        0.00       78.59
C3H2D3+        3.77E-024   0.00E+000        0.00       76.58
C3HD4+         2.27E-026   0.00E+000        0.00       74.36
C3D5+          6.45E-029   0.00E+000        0.00       71.81
SO2            4.94E-009   5.78E-009        1.17        0.07
HSO+           1.22E-013   1.17E-013        1.04        0.02
DSO+           6.05E-015   0.00E+000    ********       85.78
HSO2+          3.16E-014   3.33E-014        1.06        0.02
DSO2+          1.29E-015   0.00E+000    ********       85.11
PCH3+          6.00E-019   0.00E+000    ********       81.78
PCH2D+         7.30E-020   0.00E+000        0.00       80.86
PCHD2+         7.03E-021   0.00E+000        0.00       79.85
PCD3+          1.53E-022   0.00E+000        0.00       78.18
C8H4+          5.12E-025   0.00E+000        0.00       75.71
PC2H2+         2.89E-020   0.00E+000        0.00       80.46
PC2HD+         2.29E-021   0.00E+000        0.00       79.36
PC2D2+         7.03E-023   0.00E+000        0.00       77.85
C4H3           2.00E-014   1.13E-014        1.77        0.25
C4H2D          2.17E-015   4.57E-015        2.11        0.32
C4HD2          2.03E-016   0.00E+000    ********       84.31
C4D3           3.96E-018   0.00E+000    ********       82.60
C2H5OH         1.29E-014   0.00E+000    ********       86.11
CH3CCH         5.18E-014   6.06E-014        1.17        0.07
CH2DCCH        5.69E-016   1.03E-015        1.81        0.26
CH3CCD         1.90E-016   3.45E-016        1.82        0.26
CHD2CCH        3.89E-018   0.00E+000    ********       82.59
CH2DCCD        3.89E-018   0.00E+000    ********       82.59
CD3CCH         1.25E-020   0.00E+000        0.00       80.10
CHD2CCD        3.74E-020   0.00E+000        0.00       80.57
CD3CCD         1.50E-022   0.00E+000        0.00       78.18
SO2+           8.02E-018   7.26E-018        1.10        0.04
C4H4+          2.02E-019   1.03E-019        1.96        0.29
C4H3D+         0.00E+000   0.00E+000        0.00        -Inf
C4H2D2+        0.00E+000   0.00E+000        0.00        -Inf
C4HD3+         0.00E+000   0.00E+000        0.00        -Inf
C4D4+          0.00E+000   0.00E+000        0.00        -Inf
C2H5OH+        7.32E-020   0.00E+000        0.00       80.86
CH3CCH+        3.33E-020   8.88E-020        0.00        0.43
CH2DCCH+       1.21E-021   5.78E-021        0.00        0.68
CH3CCD+        4.02E-022   0.00E+000        0.00       78.60
CHD2CCH+       6.87E-023   0.00E+000        0.00       77.84
CH2DCCD+       6.87E-023   0.00E+000        0.00       77.84
CD3CCH+        1.57E-024   0.00E+000        0.00       76.19
CHD2CCD+       4.70E-024   0.00E+000        0.00       76.67
CD3CCD+        8.25E-026   0.00E+000        0.00       74.92
C2H5           4.72E-019   0.00E+000    ********       81.67
C2H4D          0.00E+000   0.00E+000        0.00        -Inf
C2H3D2         0.00E+000   0.00E+000        0.00        -Inf
C2H2D3         0.00E+000   0.00E+000        0.00        -Inf
C2HD4          0.00E+000   0.00E+000        0.00        -Inf
C2D5           0.00E+000   0.00E+000        0.00        -Inf
NCCNH+         2.11E-019   1.18E-018        5.59        0.75
NCCND+         3.54E-021   0.00E+000        0.00       79.55
SiH2+          6.75E-018   6.19E-018        1.09        0.04
SiHD+          1.42E-022   0.00E+000        0.00       78.15
SiD2+          6.37E-023   0.00E+000        0.00       77.80
PC2H3+         8.17E-022   0.00E+000        0.00       78.91
PC2H2D+        9.31E-023   0.00E+000        0.00       77.97
PC2HD2+        6.04E-024   0.00E+000        0.00       76.78
PC2D3+         1.22E-025   0.00E+000        0.00       75.09
HNO+           1.86E-013   0.00E+000    ********       87.27
DNO+           9.54E-015   0.00E+000    ********       85.98
N2H+           0.00E+000   0.00E+000        0.00        -Inf
N2D+           0.00E+000   0.00E+000        0.00        -Inf
