H              1.54E-006   1.54E-006        1.00        0.00 *
CH             5.58E-013   5.55E-013        1.01        0.00
C              2.93E-012   2.92E-012        1.01        0.00
H2             5.00E-001   5.00E-001        1.00        0.00
CH2            3.45E-013   3.47E-013        1.01        0.00
NH             5.73E-011   5.75E-011        1.00        0.00
N              1.31E-007   1.30E-007        1.01        0.00
CH3            2.74E-013   2.71E-013        1.01        0.00
NH2            2.27E-011   2.34E-011        1.03        0.01
CH4            3.90E-008   3.92E-008        1.01        0.00 *
OH             1.98E-009   1.99E-009        1.01        0.00 *
O              1.98E-005   1.97E-005        1.01        0.00
NH3            1.52E-008   1.52E-008        1.00        0.00 *
H2O            1.02E-007   1.01E-007        1.00        0.00 *
C2             2.70E-014   2.73E-014        1.01        0.01
C2H2           3.69E-010   3.74E-010        1.01        0.01
C2H            1.27E-012   1.29E-012        1.02        0.01 *
HCN            1.65E-010   1.64E-010        1.01        0.00 *
CN             1.60E-013   1.60E-013        1.00        0.00
C2H3           1.47E-015   1.63E-015        1.11        0.05
CO             7.29E-005   7.29E-005        1.00        0.00 *
H2CN           4.06E-016   4.00E-016        1.01        0.01
HCO            9.21E-013   9.41E-013        1.02        0.01
NO             1.46E-007   1.47E-007        1.01        0.00
H2CO           3.61E-013   3.58E-013        1.01        0.00 *
HNO            2.80E-011   2.88E-011        1.03        0.01
O2             4.15E-005   4.15E-005        1.00        0.00 *
O2H            2.04E-010   2.07E-010        1.01        0.01 *
HS             2.28E-012   2.18E-012        1.05        0.02
S              9.70E-009   9.34E-009        1.04        0.02
H2O2           4.28E-142   4.28E-142        0.00      -41.37 *
H2S            2.50E-011   2.48E-011        1.01        0.00 *
OCN            1.85E-011   1.85E-011        1.00        0.00
CH2CO          5.08E-012   5.31E-012        1.04        0.02
CO2            3.70E-008   3.73E-008        1.01        0.00 *
N2O            8.87E-010   9.04E-010        1.02        0.01
N2             1.06E-005   1.06E-005        1.00        0.00
NO2            5.37E-010   5.55E-010        1.03        0.01
NS             3.89E-014   3.75E-014        1.04        0.02
SO             2.99E-009   3.16E-009        1.06        0.02
NCCN           6.03E-015   6.10E-015        1.01        0.01
OCS            1.89E-009   1.81E-009        1.04        0.02
S2             3.06E-015   2.83E-015        1.08        0.03
F              8.42E-009   8.43E-009        1.00        0.00
HF             1.16E-008   1.16E-008        1.00        0.00 *
HNC            3.11E-010   3.10E-010        1.00        0.00 *
C3             4.52E-013   4.52E-013        1.00        0.00
C3H            6.41E-015   6.54E-015        1.02        0.01
C3H2           5.68E-012   5.76E-012        1.01        0.01 *
C2N            2.82E-014   2.86E-014        1.01        0.01
C2H4           1.09E-011   1.09E-011        1.00        0.00
C3H3           1.70E-014   1.80E-014        1.06        0.02
C2O            4.47E-015   4.55E-015        1.02        0.01
SiH            3.97E-017   4.00E-017        1.01        0.00
SiC            2.28E-017   2.32E-017        1.02        0.01
C2H5           4.52E-019   4.88E-019        1.08        0.03
CH3CCH         1.51E-013   1.59E-013        1.05        0.02
SiH2           2.41E-019   2.45E-019        1.02        0.01
HCSi           1.20E-018   1.21E-018        1.01        0.00
SiH3           9.47E-023   9.67E-023        0.00        0.01
SiCH2          7.01E-016   7.01E-016        1.00        0.00
PH             8.78E-013   8.87E-013        1.01        0.00
CP             2.99E-016   3.05E-016        1.02        0.01
CS             2.08E-010   2.01E-010        1.04        0.02
C4             9.88E-019   1.02E-018        1.04        0.02
C4H            2.72E-015   2.78E-015        1.03        0.01
H2CCC          4.74E-015   4.82E-015        1.02        0.01
H2CCCC         4.60E-013   4.77E-013        1.04        0.02
CH2CN          1.20E-012   1.21E-012        1.02        0.01
HC3N           5.64E-014   5.81E-014        1.03        0.01
C4H3           8.48E-015   1.28E-014        1.51        0.18
HPO            1.43E-015   1.46E-015        1.02        0.01
C5             4.51E-015   4.65E-015        1.03        0.01
C3N            4.65E-017   4.79E-017        1.03        0.01
C5H            1.59E-017   1.66E-017        1.05        0.02
C3O            1.92E-011   1.96E-011        1.02        0.01
C5H2           1.72E-015   1.82E-015        1.06        0.02
C6             7.36E-020   7.70E-020        0.00        0.02
C6H            1.72E-018   1.79E-018        1.04        0.02
CH3C4H         1.02E-015   1.07E-015        1.05        0.02
C6H2           3.39E-016   3.50E-016        1.03        0.01
SO2            5.17E-009   5.45E-009        1.05        0.02
C7             5.01E-017   5.13E-017        1.02        0.01
C5N            1.26E-019   1.32E-019        1.05        0.02
C7H            1.68E-020   1.72E-020        0.00        0.01
C8             1.82E-022   1.87E-022        0.00        0.01
C7H2           1.23E-018   1.27E-018        1.04        0.02
C8H            1.44E-021   1.49E-021        0.00        0.02
CH3C6H         3.57E-019   3.56E-019        1.00        0.00
C8H2           8.85E-020   9.51E-020        0.00        0.03
C9             1.36E-020   1.43E-020        0.00        0.02
C7N            1.60E-022   1.64E-022        0.00        0.01
C9H            1.32E-023   1.32E-023        0.00        0.00
C10            3.92E-030   3.92E-030        0.00        0.00
C9N            6.59E-026   6.72E-026        0.00        0.01
CH2NH          1.69E-012   1.68E-012        1.01        0.00
CH3OH          2.84E-014   3.06E-014        1.08        0.03 *
SiN            1.18E-014   1.19E-014        1.01        0.00
HNSi           1.05E-011   1.05E-011        1.00        0.00
PN             2.38E-009   2.38E-009        1.00        0.00
Si             2.92E-013   2.92E-013        1.00        0.00
P              4.46E-010   4.47E-010        1.00        0.00
HCS            2.71E-016   2.66E-016        1.02        0.01
PO             1.68E-010   1.70E-010        1.01        0.01
C4N            4.67E-017   4.78E-017        1.02        0.01
HC5N           9.43E-018   9.80E-018        1.04        0.02
HC7N           1.77E-020   1.81E-020        0.00        0.01
HOCH           3.72E-045   0.00E+000        0.00       55.57
H2CS           1.11E-011   1.09E-011        1.02        0.01
CH3CHO         7.08E-013   7.46E-013        1.05        0.02
SiO            2.96E-009   2.96E-009        1.00        0.00
H2SiO          5.64E-018   5.69E-018        1.01        0.00
SiH4           4.94E-019   4.98E-019        1.01        0.00
PH2            5.36E-016   5.48E-016        1.02        0.01
HCP            4.28E-013   4.31E-013        1.01        0.00
CH2PH          4.48E-018   4.60E-018        1.03        0.01
CCl            1.06E-016   0.00E+000    ********       84.03
Cl             2.22E-009   3.00E-009        1.35        0.13
ClO            0.00E+000   0.00E+000        0.00        -Inf
SiNC           3.37E-020   3.38E-020        0.00        0.00
SiC2           5.71E-017   5.81E-017        1.02        0.01
CCP            1.35E-017   1.39E-017        1.03        0.01
HC2P           1.20E-018   1.24E-018        1.03        0.01
SiC3           4.64E-018   4.74E-018        1.02        0.01
C3P            3.03E-020   3.10E-020        0.00        0.01
SiC4           1.51E-023   1.56E-023        0.00        0.01
C4P            5.25E-020   5.37E-020        0.00        0.01
CH3CH3         6.95E-019   7.61E-019        1.09        0.04
HCOOH          1.04E-009   1.04E-009        1.00        0.00 *
SiO2           2.86E-011   2.85E-011        1.00        0.00
NH2CN          3.57E-012   3.55E-012        1.00        0.00
C2S            5.83E-013   5.93E-013        1.02        0.01
C3S            2.81E-014   2.80E-014        1.00        0.00
C9H2           1.08E-021   1.08E-021        0.00        0.00
CH2CHCN        1.08E-017   1.11E-017        1.02        0.01
HC9N           3.96E-024   4.14E-024        0.00        0.02
SiC2H2         2.37E-015   2.39E-015        1.01        0.00
HeH+           1.38E-016   1.38E-016        1.00        0.00
He             1.40E-001   1.40E-001        1.00        0.00
H2+            5.69E-015   5.69E-015        1.00        0.00
CH+            8.33E-020   8.36E-020        0.00        0.00
C+             1.29E-011   1.29E-011        1.00        0.00
H+             1.47E-012   1.47E-012        1.00        0.00
CH2+           5.83E-018   5.82E-018        1.00        0.00
CH3+           4.00E-014   3.99E-014        1.00        0.00
CH4+           5.55E-019   5.55E-019        1.00        0.00
CH5+           8.47E-014   8.50E-014        1.00        0.00
H-             5.85E-014   5.98E-014        1.02        0.01
OH-            1.51E-014   1.52E-014        1.01        0.01
C2+            5.90E-021   5.98E-021        0.00        0.01
CN-            1.99E-017   2.02E-017        1.01        0.01
C2H2+          3.93E-017   3.93E-017        1.00        0.00
C2H3+          2.35E-014   2.40E-014        1.02        0.01
C2H4+          6.78E-016   8.03E-016        1.18        0.07
CO+            2.77E-016   2.76E-016        1.00        0.00
NH2+           3.14E-016   3.14E-016        1.00        0.00
C2H5+          4.07E-016   4.12E-016        1.01        0.00
Si+            3.22E-013   3.22E-013        1.00        0.00
SiH+           1.58E-017   1.60E-017        1.01        0.00
HCO+           3.66E-010   3.69E-010        1.01        0.00 *
CH3CH3+        2.41E-023   2.63E-023        0.00        0.04
NO+            4.81E-013   4.85E-013        1.01        0.00
SiH2+          1.66E-017   1.67E-017        1.00        0.00
H3CO+          9.67E-016   9.67E-016        1.00        0.00
SiH3+          2.04E-019   2.07E-019        1.01        0.01
S+             1.58E-012   1.55E-012        1.02        0.01
HS+            1.09E-013   1.07E-013        1.02        0.01
H2S+           9.18E-016   8.71E-016        1.05        0.02
H3S+           1.77E-014   1.75E-014        1.01        0.01
C3+            5.94E-021   6.04E-021        0.00        0.01
C3H+           4.25E-019   4.30E-019        1.01        0.00
C3H2+          7.36E-017   7.45E-017        1.01        0.01
CH3CCH+        4.46E-019   4.74E-019        1.06        0.03
C3H3+          1.04E-015   1.07E-015        1.02        0.01
H2C3H+         7.85E-016   7.94E-016        1.01        0.00
SiC+           1.38E-024   1.38E-024        0.00        0.00
CH3CN          7.93E-014   8.03E-014        1.01        0.01 *
CH2CN+         1.74E-017   1.76E-017        1.02        0.01
HCSi+          1.78E-024   1.79E-024        0.00        0.00
SiN+           1.20E-017   1.20E-017        1.00        0.00
SiCH3          2.52E-016   2.52E-016        1.00        0.00
SiCH2+         4.32E-020   4.32E-020        0.00        0.00
C3H7+          3.07E-028   0.00E+000        0.00       72.49
C3H6+          1.64E-030   0.00E+000        0.00       70.21
CO2+           4.59E-020   4.62E-020        0.00        0.00
HN2+           6.86E-012   6.91E-012        1.01        0.00 *
CS+            4.10E-019   4.09E-019        1.00        0.00
NO2+           1.85E-019   1.90E-019        1.03        0.01
SiOH+          7.66E-013   7.71E-013        1.01        0.00
C4+            4.04E-021   4.10E-021        0.00        0.01
C4H+           1.08E-020   1.10E-020        0.00        0.01
C4H2+          7.65E-017   7.76E-017        1.01        0.01
C2N2+          1.38E-028   0.00E+000        0.00       72.14
HCN+           1.51E-019   1.51E-019        1.00        0.00
HC3NH+         9.08E-018   9.44E-018        1.04        0.02
SiC2H          3.22E-015   3.24E-015        1.01        0.00
SiC2+          6.83E-025   6.93E-025        0.00        0.01
SiC2H+         2.65E-018   2.69E-018        1.01        0.01
SiS+           4.26E-017   4.09E-017        1.04        0.02
C5+            6.54E-025   6.72E-025        0.00        0.01
C5H+           3.97E-019   4.12E-019        1.04        0.02
SO2+           8.47E-018   8.91E-018        1.05        0.02
SO+            4.28E-013   4.31E-013        1.01        0.00
C5H3+          2.39E-019   2.54E-019        1.06        0.03
CH3C3N         9.92E-017   1.01E-016        1.02        0.01
SiC3H          6.26E-018   6.58E-018        1.05        0.02
SiC3+          1.81E-020   1.82E-020        0.00        0.00
C6+            6.29E-024   6.58E-024        0.00        0.02
C6H+           4.13E-022   4.34E-022        0.00        0.02
C6H6+          2.32E-022   8.02E-023        0.00        0.46
C6H5+          4.12E-026   1.43E-026        0.00        0.46
C7+            2.18E-025   2.24E-025        0.00        0.01
C7H+           1.74E-021   1.80E-021        0.00        0.01
C7H3+          2.18E-022   2.23E-022        0.00        0.01
CH3C5N         1.42E-022   1.47E-022        0.00        0.02
C8+            3.03E-025   3.10E-025        0.00        0.01
C8H+           1.58E-027   1.61E-027        0.00        0.01
C9+            2.68E-028   2.88E-028        0.00        0.03
C9H+           4.65E-025   4.97E-025        0.00        0.03
CH3C7N         2.63E-025   2.68E-025        0.00        0.01
H3+            3.45E-011   3.47E-011        1.01        0.00 *
He+            4.82E-012   4.82E-012        1.00        0.00
NH+            6.54E-017   6.54E-017        1.00        0.00
N+             6.89E-015   6.90E-015        1.00        0.00
OH+            2.27E-015   2.27E-015        1.00        0.00
O+             6.50E-016   6.50E-016        1.00        0.00
O-             6.56E-019   6.51E-019        1.01        0.00
NH3+           4.14E-013   4.13E-013        1.00        0.00
H2O+           4.37E-015   4.37E-015        1.00        0.00
NH4+           2.65E-012   2.67E-012        1.01        0.00
H3O+           1.35E-010   1.36E-010        1.00        0.00
F+             4.74E-018   4.73E-018        1.00        0.00
HF+            1.39E-018   1.38E-018        1.00        0.00
H2F+           8.91E-013   8.96E-013        1.01        0.00
C2H+           8.98E-021   9.04E-021        0.00        0.00
CN+            1.98E-020   1.97E-020        0.00        0.00
HCNH+          2.76E-013   2.77E-013        1.00        0.00
HOC+           9.52E-016   9.53E-016        1.00        0.00
N2+            3.26E-017   3.26E-017        1.00        0.00
HNO+           3.14E-013   3.23E-013        1.03        0.01
O2H+           2.94E-017   2.96E-017        1.01        0.00
SiH4+          2.19E-030   2.21E-030        0.00        0.00
SiH5+          5.62E-023   5.72E-023        0.00        0.01
Cl+            1.83E-019   0.00E+000    ********       81.26
HCl+           2.59E-019   0.00E+000    ********       81.41
H2Cl+          8.43E-015   0.00E+000    ********       85.93
CH3CN+         2.19E-021   2.25E-021        0.00        0.01
CH3CNH+        1.74E-016   1.77E-016        1.02        0.01
CP+            9.29E-027   9.46E-027        0.00        0.01
HCP+           7.11E-024   7.16E-024        0.00        0.00
HNSi+          5.33E-023   5.32E-023        0.00        0.00
SiNH2+         2.50E-015   2.51E-015        1.01        0.00
PCH2+          3.77E-017   3.82E-017        1.01        0.01
HCO2+          4.27E-014   4.33E-014        1.01        0.01
HCS+           1.73E-014   1.69E-014        1.03        0.01
SiO+           3.60E-019   3.60E-019        1.00        0.00
C3N+           3.47E-024   3.58E-024        0.00        0.01
HC3N+          1.19E-021   1.24E-021        0.00        0.02
NCCNH+         1.84E-019   1.88E-019        1.02        0.01
C3O+           1.07E-021   1.09E-021        0.00        0.01
HC3O+          7.47E-015   7.68E-015        1.03        0.01
H3C3N+         1.04E-022   1.07E-022        0.00        0.01
H4C3N+         3.58E-021   3.70E-021        0.00        0.01
C2S+           4.06E-023   4.11E-023        0.00        0.01
HC2S+          2.16E-016   2.18E-016        1.01        0.01
C5H2+          1.10E-020   1.26E-020        0.00        0.06
C4N+           3.58E-022   3.69E-022        0.00        0.01
HC4N+          9.32E-025   9.42E-025        0.00        0.00
H2C4N+         9.33E-025   9.43E-025        0.00        0.00
HSO2+          8.26E-014   8.75E-014        1.06        0.03
CH3C3N+        9.33E-025   9.43E-025        0.00        0.00
CH3C3NH+       2.36E-020   2.40E-020        0.00        0.01
C6H2+          7.19E-021   7.51E-021        0.00        0.02
C5N+           1.39E-026   1.43E-026        0.00        0.01
HC5N+          2.32E-026   2.39E-026        0.00        0.01
H2C5N+         1.41E-020   1.47E-020        0.00        0.02
C7H2+          3.50E-024   3.62E-024        0.00        0.02
C8H2+          1.98E-023   2.02E-023        0.00        0.01
C7N+           6.08E-029   6.23E-029        0.00        0.01
HC7N+          1.87E-026   1.92E-026        0.00        0.01
H2C7N+         4.79E-024   4.93E-024        0.00        0.01
C9H2+          5.69E-027   2.18E-027        0.00        0.42
C9N+           1.62E-032   1.72E-032        0.00        0.03
HC9N+          5.08E-030   5.34E-030        0.00        0.02
H2C9N+         1.26E-027   1.32E-027        0.00        0.02
Na             3.38E-010   3.40E-010        1.01        0.00
Na+            2.66E-009   2.66E-009        1.00        0.00
Mg             6.04E-010   6.12E-010        1.01        0.01
Mg+            2.40E-009   2.39E-009        1.00        0.00
H2CO+          1.43E-015   1.43E-015        1.00        0.00
PH+            5.50E-015   5.59E-015        1.02        0.01
H2NO+          9.63E-016   9.95E-016        1.03        0.01
PH2+           5.63E-017   5.70E-017        1.01        0.01
CH3OH2+        2.41E-018   2.60E-018        1.08        0.03 *
PH3+           3.07E-016   3.13E-016        1.02        0.01
HCl            7.80E-010   0.00E+000    ********       90.89
C2NH+          9.13E-017   9.22E-017        1.01        0.00
HC2O+          2.54E-015   2.58E-015        1.02        0.01
CH3CO+         1.68E-015   1.74E-015        1.03        0.01
NH2CNH+        2.29E-016   2.30E-016        1.01        0.00
SiCH3+         5.61E-020   5.66E-020        0.00        0.00
SiCH4+         6.04E-020   6.10E-020        0.00        0.00
HN2O+          2.64E-015   2.72E-015        1.03        0.01
CH3CHOH+       1.17E-015   1.20E-015        1.03        0.01
HPN+           5.28E-013   5.31E-013        1.01        0.00
H2CS+          2.20E-017   2.18E-017        1.01        0.00
PCH4+          7.58E-019   7.76E-019        1.02        0.01
C2H5OH         1.17E-014   1.26E-014        1.07        0.03
CH3OCH3        3.47E-020   0.00E+000        0.00       80.54
CH3OCH4+       3.59E-023   0.00E+000        0.00       77.56
HNS+           8.17E-018   7.95E-018        1.03        0.01
H3CS+          2.45E-015   2.42E-015        1.01        0.01
H3SiO+         5.12E-021   5.21E-021        0.00        0.01
HPO+           1.94E-014   1.98E-014        1.02        0.01
H2PO+          4.81E-017   4.89E-017        1.02        0.01
HSO+           6.30E-013   6.72E-013        1.07        0.03
C4H3+          1.88E-017   1.96E-017        1.04        0.02
C4H4+          4.49E-019   6.82E-019        1.52        0.18
SiC2H2+        1.45E-018   1.47E-018        1.02        0.01
SiNCH+         1.45E-021   1.45E-021        0.00        0.00
SiC2H3+        1.51E-018   1.53E-018        1.02        0.01
HC2P+          1.39E-019   1.41E-019        1.02        0.01
Fe             5.82E-010   5.92E-010        1.02        0.01
Fe+            2.42E-009   2.41E-009        1.00        0.00
PC2H2+         2.89E-019   2.98E-019        1.03        0.01
CH3COCH3       4.06E-019   4.40E-019        1.08        0.03
C3H5+          3.18E-017   3.31E-017        1.04        0.02
CH3COCH4+      6.44E-022   6.88E-022        0.00        0.03
HCOOCH3        1.07E-023   0.00E+000        0.00       77.03
H5C2O2+        1.45E-026   0.00E+000        0.00       74.16
HOCS+          6.40E-014   6.20E-014        1.03        0.01
HSiO2+         2.44E-015   2.46E-015        1.01        0.00
SiS            2.48E-017   2.39E-017        1.04        0.02
HSiS+          3.26E-020   3.16E-020        0.00        0.01
C5H5+          9.87E-020   1.02E-019        0.00        0.01
SiC3H+         7.82E-019   7.95E-019        1.02        0.01
HS2+           4.32E-019   4.14E-019        1.04        0.02
SiC3H2+        4.35E-021   4.61E-021        0.00        0.03
HS2            5.52E-014   5.23E-014        1.05        0.02
H2S2+          4.28E-017   4.08E-017        1.05        0.02
H2S2           7.47E-015   7.13E-015        1.05        0.02
H3S2+          6.76E-018   6.50E-018        1.04        0.02
PC3H+          3.50E-021   3.57E-021        0.00        0.01
HC3S+          1.19E-017   1.19E-017        1.00        0.00
C6H3+          2.08E-020   2.15E-020        0.00        0.01
SiC4H+         2.57E-024   2.64E-024        0.00        0.01
C6H6           1.26E-018   4.36E-019        2.89        0.46
C6H7+          7.62E-023   2.65E-023        0.00        0.46
PC4H+          4.48E-021   4.57E-021        0.00        0.01
C4S            2.87E-016   2.87E-016        1.00        0.00
HC4S+          2.00E-019   1.99E-019        1.00        0.00
C7H5+          4.83E-023   4.82E-023        0.00        0.00
CH3C5NH+       6.64E-026   6.91E-026        0.00        0.02
C8H3+          6.39E-024   6.87E-024        0.00        0.03
C9H3+          2.04E-025   2.05E-025        0.00        0.00
CH3C7NH+       1.25E-028   1.28E-028        0.00        0.01
P+             2.74E-015   2.75E-015        1.00        0.00
O2+            1.80E-011   1.80E-011        1.00        0.00
PO+            5.53E-014   5.59E-014        1.01        0.00
C2N+           5.02E-015   5.01E-015        1.00        0.00
S2+            4.53E-016   4.28E-016        1.06        0.03
CCP+           2.94E-019   2.97E-019        1.01        0.00
H2NC+          2.14E-013   2.15E-013        1.00        0.00
CF+            1.14E-012   1.14E-012        1.00        0.00
CNC+           2.52E-015   2.51E-015        1.01        0.00
C-             6.17E-022   6.28E-022        0.00        0.01
CCl+           4.54E-015   0.00E+000    ********       85.66
SiNC+          5.81E-017   5.81E-017        1.00        0.00
E-             8.07E-009   8.05E-009        1.00        0.00
C3S+           9.62E-020   9.61E-020        0.00        0.00
SiC4+          4.28E-022   4.42E-022        0.00        0.01
H3C5N+         4.58E-023   4.70E-023        0.00        0.01
H3C7N+         2.32E-025   2.43E-025        0.00        0.02
C10+           8.46E-027   8.72E-027        0.00        0.01
H3C9N+         4.41E-029   4.63E-029        0.00        0.02
CH2CO+         7.91E-017   8.13E-017        1.03        0.01
NS+            7.49E-016   7.34E-016        1.02        0.01
C4H5+          8.25E-021   9.41E-021        0.00        0.06
CH3C4H+        2.79E-020   2.86E-020        0.00        0.01
CH3C6H+        2.24E-023   2.38E-023        0.00        0.03
C9H4+          2.62E-026   2.71E-026        0.00        0.01
CH4N+          2.96E-016   0.00E+000    ********       84.47
OCN+           2.74E-016   0.00E+000    ********       84.44
H2CCl+         2.23E-017   0.00E+000    ********       83.35
H2SiO+         8.60E-020   8.70E-020        0.00        0.00
PN+            1.42E-015   1.42E-015        1.00        0.00
OCS+           3.54E-015   3.42E-015        1.03        0.01
PCH3+          1.20E-017   1.23E-017        1.02        0.01
HCOOH2+        3.70E-013   3.73E-013        1.01        0.00
C6H4+          1.99E-021   2.05E-021        0.00        0.01
C8H4+          6.31E-025   6.75E-025        0.00        0.03
C2H7+          3.23E-024   3.56E-024        0.00        0.04
PNH2+          1.24E-017   0.00E+000    ********       83.09
PNH3+          1.94E-017   1.98E-017        1.02        0.01
CH2NH2+        3.54E-016   3.54E-016        1.00        0.00
C2H5OH2+       1.29E-017   1.35E-017        1.04        0.02
HNCO+          5.32E-022   0.00E+000        0.00       78.73
N2O+           2.93E-015   2.99E-015        1.02        0.01
SiF+           1.32E-014   1.32E-014        1.00        0.00
C2O+           2.66E-020   2.71E-020        0.00        0.01
C4H7+          6.20E-023   0.00E+000        0.00       77.79
PC2H3+         1.24E-020   1.27E-020        0.00        0.01
CH3CS+         4.36E-019   0.00E+000    ********       81.64
PC2H4+         6.91E-023   0.00E+000        0.00       77.84
CH3COCH3+      1.05E-023   4.33E-015        0.00        8.61
C4S+           2.72E-021   2.73E-021        0.00        0.00
CH3OH+         1.72E-019   0.00E+000    ********       81.24
CH3CHO+        8.31E-018   8.77E-018        1.05        0.02
C2H5OH+        1.59E-019   1.72E-019        1.08        0.03
CH3OCH3+       4.67E-025   0.00E+000        0.00       75.67
COOCH4+        2.06E-028   0.00E+000        0.00       72.31
C4P+           3.19E-026   3.27E-026        0.00        0.01
ClO+           0.00E+000   0.00E+000        0.00        -Inf
S-             1.22E-017   1.32E-017        1.08        0.03
HCOOH+         3.33E-028   0.00E+000        0.00       72.52
C3H2O+         7.56E-020   0.00E+000        0.00       80.88
H3C3O+         3.19E-016   3.26E-016        1.02        0.01
NCCNCH3+       1.03E-025   0.00E+000        0.00       75.01
C8H5+          8.04E-026   0.00E+000        0.00       74.91
C9H5+          1.02E-027   0.00E+000        0.00       73.01
