H              1.53E-006   1.53E-006        1.00        0.00 *
CH             8.98E-013   8.97E-013        1.00        0.00
C              6.06E-012   6.07E-012        1.00        0.00
H2             5.00E-001   5.00E-001        1.00        0.00
CH2            5.02E-013   5.04E-013        1.00        0.00
NH             4.85E-011   4.86E-011        1.00        0.00
N              1.66E-008   1.64E-008        1.01        0.00
CH3            3.85E-013   3.85E-013        1.00        0.00
NH2            7.47E-012   7.69E-012        1.03        0.01
CH4            5.81E-008   5.83E-008        1.00        0.00 *
OH             1.81E-009   1.82E-009        1.00        0.00 *
O              2.11E-005   2.11E-005        1.00        0.00
NH3            5.41E-009   5.42E-009        1.00        0.00 *
H2O            9.76E-008   9.73E-008        1.00        0.00 *
C2             6.76E-015   6.88E-015        1.02        0.01
C2H2           9.32E-010   9.59E-010        1.03        0.01
C2H            3.32E-012   3.36E-012        1.01        0.00 *
HCN            1.23E-010   1.23E-010        1.00        0.00 *
CN             2.02E-013   2.03E-013        1.00        0.00
C2H3           3.32E-015   3.39E-015        1.02        0.01
CO             7.29E-005   7.29E-005        1.00        0.00 *
H2CN           6.78E-017   6.73E-017        1.01        0.00
HCO            1.07E-012   1.09E-012        1.02        0.01
NO             8.90E-007   9.01E-007        1.01        0.01
H2CO           5.10E-013   5.11E-013        1.00        0.00 *
HNO            1.01E-011   1.06E-011        1.05        0.02
O2             3.50E-005   3.50E-005        1.00        0.00 *
O2H            2.17E-009   2.19E-009        1.01        0.00 *
HS             3.97E-012   3.93E-012        1.01        0.00
S              1.06E-008   1.05E-008        1.01        0.01
H2O2           6.32E-141   6.37E-141        0.00      -40.20 *
H2S            2.60E-011   2.56E-011        1.01        0.01 *
OCN            2.23E-011   2.25E-011        1.01        0.00
CH2CO          9.70E-012   9.79E-012        1.01        0.00
CO2            3.60E-008   3.60E-008        1.00        0.00 *
N2O            2.49E-010   0.00E+000    ********       90.40
N2             1.02E-005   1.02E-005        1.00        0.00
NO2            1.19E-009   0.00E+000    ********       91.08
NS             2.50E-014   2.48E-014        1.01        0.00
SO             2.70E-009   2.76E-009        1.03        0.01
NCCN           1.52E-014   1.56E-014        1.02        0.01
OCS            2.01E-009   1.98E-009        1.01        0.01
S2             5.84E-015   5.72E-015        1.02        0.01
F              9.07E-009   9.09E-009        1.00        0.00
HF             1.09E-008   1.09E-008        1.00        0.00 *
HNC            1.93E-010   1.93E-010        1.00        0.00 *
C3             2.04E-012   2.09E-012        1.02        0.01
C3H            2.59E-014   2.66E-014        1.03        0.01
C3H2           2.04E-011   2.08E-011        1.02        0.01 *
C2N            9.00E-015   9.04E-015        1.00        0.00
C2H4           2.55E-011   2.57E-011        1.01        0.00
C3H3           6.12E-014   6.45E-014        1.06        0.02
C2O            1.33E-015   1.36E-015        1.02        0.01
SiH            4.93E-017   5.14E-017        1.04        0.02
SiC            6.95E-017   7.25E-017        1.04        0.02
C2H5           1.17E-018   1.18E-018        1.00        0.00
CH3CCH         6.60E-014   6.85E-014        1.04        0.02
SiH2           2.55E-019   2.62E-019        1.03        0.01
HCSi           1.92E-018   1.96E-018        1.02        0.01
SiH3           9.75E-023   0.00E+000        0.00       77.99
SiCH2          1.28E-015   1.30E-015        1.02        0.01
PH             7.22E-013   7.26E-013        1.01        0.00
CP             6.55E-016   6.61E-016        1.01        0.00
CS             2.33E-010   2.29E-010        1.02        0.01
C4             9.32E-018   9.57E-018        1.03        0.01
C4H            1.16E-014   1.20E-014        1.03        0.01
H2CCC          1.71E-014   1.75E-014        1.03        0.01
H2CCCC         2.99E-012   3.13E-012        1.05        0.02
CH2CN          1.08E-012   1.08E-012        1.00        0.00
HC3N           3.87E-014   4.03E-014        1.04        0.02
C4H3           7.31E-015   9.98E-015        1.37        0.14
HPO            3.11E-015   3.12E-015        1.00        0.00
C5             4.83E-014   5.05E-014        1.04        0.02
C3N            2.67E-017   2.74E-017        1.03        0.01
C5H            1.24E-016   1.30E-016        1.05        0.02
C3O            6.03E-012   6.14E-012        1.02        0.01
C5H2           1.21E-014   1.26E-014        1.04        0.02
C6             8.99E-019   9.24E-019        1.03        0.01
C6H            2.03E-017   2.14E-017        1.06        0.02
CH3C4H         6.46E-015   6.71E-015        1.04        0.02
C6H2           4.05E-015   4.32E-015        1.07        0.03
SO2            4.37E-009   4.47E-009        1.02        0.01
C7             1.03E-015   1.09E-015        1.07        0.03
C5N            3.67E-019   3.82E-019        1.04        0.02
C7H            2.87E-019   2.99E-019        1.04        0.02
C8             5.59E-021   5.93E-021        0.00        0.03
C7H2           1.91E-017   1.98E-017        1.04        0.02
C8H            4.30E-020   4.58E-020        0.00        0.03
CH3C6H         6.65E-018   6.87E-018        1.03        0.01
C8H2           2.40E-018   2.61E-018        1.09        0.04
C9             6.35E-019   6.90E-019        1.09        0.04
C7N            6.50E-022   6.90E-022        0.00        0.03
C9H            5.03E-022   5.26E-022        0.00        0.02
C10            2.89E-028   3.04E-028        0.00        0.02
C9N            5.14E-025   5.49E-025        0.00        0.03
CH2NH          9.79E-013   9.79E-013        1.00        0.00
CH3OH          5.96E-014   6.13E-014        1.03        0.01 *
SiN            5.15E-015   5.24E-015        1.02        0.01
HNSi           4.81E-012   4.87E-012        1.01        0.01
PN             1.59E-009   1.59E-009        1.00        0.00
Si             3.44E-013   3.50E-013        1.01        0.01
P              5.17E-010   5.08E-010        1.02        0.01
HCS            4.20E-016   4.18E-016        1.00        0.00
PO             8.88E-010   8.97E-010        1.01        0.00
C4N            2.80E-017   2.87E-017        1.02        0.01
HC5N           4.25E-017   4.43E-017        1.04        0.02
HC7N           1.13E-019   1.20E-019        1.06        0.03
HOCH           5.18E-045   0.00E+000        0.00       55.71
H2CS           1.57E-011   1.54E-011        1.02        0.01
CH3CHO         1.75E-012   1.79E-012        1.02        0.01
SiO            2.97E-009   2.99E-009        1.01        0.00
H2SiO          5.22E-018   0.00E+000    ********       82.72
SiH4           5.24E-019   0.00E+000    ********       81.72
PH2            1.18E-015   1.18E-015        1.00        0.00
HCP            9.84E-013   9.89E-013        1.00        0.00
CH2PH          1.31E-017   1.33E-017        1.01        0.01
CCl            4.10E-016   0.00E+000    ********       84.61
Cl             2.34E-009   3.00E-009        1.28        0.11
ClO            0.00E+000   0.00E+000        0.00        -Inf
SiNC           3.04E-020   3.08E-020        0.00        0.01
SiC2           1.73E-016   1.81E-016        1.04        0.02
CCP            5.35E-017   5.53E-017        1.03        0.01
HC2P           6.58E-018   6.82E-018        1.04        0.02
SiC3           2.06E-017   2.13E-017        1.03        0.01
C3P            1.30E-019   1.31E-019        1.01        0.00
SiC4           1.09E-022   1.16E-022        0.00        0.03
C4P            2.27E-019   2.28E-019        1.00        0.00
CH3CH3         2.49E-018   0.00E+000    ********       82.40
HCOOH          1.12E-009   1.12E-009        1.00        0.00 *
SiO2           2.65E-011   0.00E+000    ********       89.42
NH2CN          1.62E-012   1.63E-012        1.00        0.00
C2S            1.32E-012   1.32E-012        1.00        0.00
C3S            9.84E-014   9.85E-014        1.00        0.00
C9H2           4.19E-020   4.35E-020        0.00        0.02
CH2CHCN        6.48E-018   6.57E-018        1.01        0.01
HC9N           6.55E-023   7.10E-023        0.00        0.03
SiC2H2         7.32E-015   7.57E-015        1.03        0.01
HeH+           1.38E-016   1.38E-016        1.00        0.00
He             1.40E-001   1.40E-001        1.00        0.00
H2+            5.67E-015   5.68E-015        1.00        0.00
CH+            4.44E-020   4.47E-020        0.00        0.00
C+             2.16E-011   2.16E-011        1.00        0.00
H+             1.48E-012   1.48E-012        1.00        0.00
CH2+           9.43E-018   9.45E-018        1.00        0.00
CH3+           6.37E-014   6.39E-014        1.00        0.00
CH4+           7.30E-019   7.31E-019        1.00        0.00
CH5+           1.30E-013   1.30E-013        1.00        0.00
H-             5.78E-014   5.78E-014        1.00        0.00
OH-            1.49E-014   1.49E-014        1.00        0.00
C2+            4.44E-021   4.58E-021        0.00        0.01
CN-            1.46E-017   1.47E-017        1.00        0.00
C2H2+          9.48E-017   9.54E-017        1.01        0.00
C2H3+          6.65E-015   6.79E-015        1.02        0.01
C2H4+          1.62E-015   1.66E-015        1.02        0.01
CO+            3.88E-016   3.89E-016        1.00        0.00
NH2+           1.09E-016   1.10E-016        1.00        0.00
C2H5+          9.66E-016   9.80E-016        1.01        0.01
Si+            4.23E-013   4.28E-013        1.01        0.01
SiH+           1.83E-017   1.86E-017        1.02        0.01
HCO+           3.70E-010   3.71E-010        1.00        0.00 *
CH3CH3+        6.43E-023   0.00E+000        0.00       77.81
NO+            2.89E-012   2.91E-012        1.01        0.00
SiH2+          2.13E-017   2.22E-017        1.04        0.02
H3CO+          1.42E-015   1.44E-015        1.01        0.00
SiH3+          2.29E-019   2.35E-019        1.03        0.01
S+             1.52E-012   1.49E-012        1.02        0.01
HS+            1.15E-013   1.14E-013        1.01        0.00
H2S+           8.94E-016   8.69E-016        1.03        0.01
H3S+           1.86E-014   1.85E-014        1.01        0.00
C3+            2.88E-021   2.93E-021        0.00        0.01
C3H+           1.69E-018   1.74E-018        1.03        0.01
C3H2+          2.88E-016   2.96E-016        1.03        0.01
CH3CCH+        1.36E-018   1.46E-018        1.07        0.03
C3H3+          3.81E-015   3.91E-015        1.02        0.01
H2C3H+         3.01E-015   3.08E-015        1.03        0.01
SiC+           1.84E-024   1.86E-024        0.00        0.00
CH3CN          7.31E-014   7.38E-014        1.01        0.00 *
CH2CN+         2.34E-017   2.35E-017        1.00        0.00
HCSi+          2.77E-024   2.81E-024        0.00        0.01
SiN+           7.38E-018   7.49E-018        1.02        0.01
SiCH3          4.73E-016   4.82E-016        1.02        0.01
SiCH2+         6.58E-020   6.67E-020        0.00        0.01
C3H7+          1.75E-027   0.00E+000        0.00       73.24
C3H6+          9.33E-030   0.00E+000        0.00       70.97
CO2+           1.46E-020   1.46E-020        0.00        0.00
HN2+           6.37E-012   6.37E-012        1.00        0.00 *
CS+            6.17E-019   6.19E-019        1.00        0.00
NO2+           6.75E-019   0.00E+000    ********       81.83
SiOH+          7.79E-013   7.93E-013        1.02        0.01
C4+            1.26E-020   1.28E-020        0.00        0.01
C4H+           4.38E-020   4.47E-020        0.00        0.01
C4H2+          3.03E-016   3.10E-016        1.02        0.01
C2N2+          1.18E-028   0.00E+000        0.00       72.07
HCN+           8.91E-020   8.95E-020        0.00        0.00
HC3NH+         6.19E-018   6.40E-018        1.03        0.01
SiC2H          9.98E-015   1.03E-014        1.04        0.02
SiC2+          2.15E-024   2.20E-024        0.00        0.01
SiC2H+         8.75E-018   9.12E-018        1.04        0.02
SiS+           6.24E-017   6.23E-017        1.00        0.00
C5+            4.53E-024   4.68E-024        0.00        0.01
C5H+           4.21E-018   4.42E-018        1.05        0.02
SO2+           6.26E-018   6.41E-018        1.02        0.01
SO+            4.19E-013   4.20E-013        1.00        0.00
C5H3+          1.63E-018   1.70E-018        1.04        0.02
CH3C3N         2.39E-016   2.46E-016        1.03        0.01
SiC3H          2.86E-017   3.05E-017        1.07        0.03
SiC3+          9.37E-020   9.74E-020        0.00        0.02
C6+            8.55E-023   8.86E-023        0.00        0.02
C6H+           5.24E-021   5.40E-021        0.00        0.01
C6H6+          3.65E-021   3.88E-021        0.00        0.03
C6H5+          4.02E-025   4.23E-025        0.00        0.02
C7+            4.35E-024   4.65E-024        0.00        0.03
C7H+           3.49E-020   3.74E-020        0.00        0.03
C7H3+          3.22E-021   3.31E-021        0.00        0.01
CH3C5N         1.18E-021   1.23E-021        0.00        0.02
C8+            1.01E-023   1.08E-023        0.00        0.03
C8H+           5.16E-026   5.47E-026        0.00        0.03
C9+            1.22E-026   1.33E-026        0.00        0.04
C9H+           2.12E-023   2.31E-023        0.00        0.04
CH3C7N         3.09E-024   3.30E-024        0.00        0.03
H3+            3.41E-011   3.41E-011        1.00        0.00
He+            1.58E-012   1.58E-012        1.00        0.00
NH+            2.29E-017   2.30E-017        1.00        0.00
N+             2.42E-015   2.43E-015        1.00        0.00
OH+            2.29E-015   2.29E-015        1.00        0.00
O+             6.29E-016   6.30E-016        1.00        0.00
O-             7.02E-019   6.99E-019        1.00        0.00
NH3+           7.52E-014   7.56E-014        1.01        0.00
H2O+           4.45E-015   4.44E-015        1.00        0.00
NH4+           9.18E-018   9.23E-018        1.00        0.00
H3O+           1.36E-010   1.36E-010        1.00        0.00
F+             1.46E-018   1.46E-018        1.00        0.00
HF+            4.27E-019   4.28E-019        1.00        0.00
H2F+           8.02E-013   8.02E-013        1.00        0.00
C2H+           7.26E-021   7.44E-021        0.00        0.01
CN+            9.90E-021   9.94E-021        0.00        0.00
HCNH+          1.84E-013   1.85E-013        1.00        0.00
HOC+           1.20E-015   1.20E-015        1.00        0.00
N2+            1.03E-017   1.04E-017        1.00        0.00
HNO+           1.82E-012   1.86E-012        1.02        0.01
O2H+           2.45E-017   0.00E+000    ********       83.39
SiH4+          2.35E-030   0.00E+000        0.00       70.37
SiH5+          6.12E-023   0.00E+000        0.00       77.79
Cl+            1.18E-019   0.00E+000    ********       81.07
HCl+           2.14E-019   0.00E+000    ********       81.33
H2Cl+          7.01E-015   0.00E+000    ********       85.85
CH3CN+         1.90E-021   1.90E-021        0.00        0.00
CH3CNH+        1.63E-016   1.64E-016        1.00        0.00
CP+            3.49E-026   3.53E-026        0.00        0.01
HCP+           2.49E-023   2.51E-023        0.00        0.00
HNSi+          2.42E-023   2.45E-023        0.00        0.01
SiNH2+         1.16E-015   1.17E-015        1.02        0.01
PCH2+          7.26E-017   7.30E-017        1.01        0.00
HCO2+          3.97E-014   3.98E-014        1.00        0.00
HCS+           2.04E-014   2.03E-014        1.01        0.00
SiO+           3.66E-019   3.69E-019        1.01        0.00
C3N+           7.84E-025   8.19E-025        0.00        0.02
HC3N+          4.72E-022   4.94E-022        0.00        0.02
NCCNH+         4.67E-019   4.74E-019        1.02        0.01
C3O+           5.07E-022   5.17E-022        0.00        0.01
HC3O+          2.37E-015   2.43E-015        1.02        0.01
H3C3N+         5.79E-024   5.94E-024        0.00        0.01
H4C3N+         1.22E-021   1.24E-021        0.00        0.01
C2S+           1.38E-022   1.38E-022        0.00        0.00
HC2S+          4.53E-016   4.55E-016        1.00        0.00
C5H2+          6.50E-020   6.88E-020        0.00        0.02
C4N+           4.12E-022   4.31E-022        0.00        0.02
HC4N+          2.04E-024   2.11E-024        0.00        0.01
H2C4N+         2.05E-024   2.12E-024        0.00        0.01
HSO2+          6.78E-014   6.97E-014        1.03        0.01
CH3C3N+        2.05E-024   2.12E-024        0.00        0.01
CH3C3NH+       5.27E-020   5.46E-020        0.00        0.02
C6H2+          8.97E-020   9.19E-020        0.00        0.01
C5N+           1.86E-026   1.94E-026        0.00        0.02
HC5N+          3.43E-026   3.56E-026        0.00        0.02
H2C5N+         5.86E-020   6.10E-020        0.00        0.02
C7H2+          5.98E-023   6.29E-023        0.00        0.02
C8H2+          6.41E-022   6.80E-022        0.00        0.03
C7N+           1.54E-028   1.64E-028        0.00        0.03
HC7N+          4.95E-026   5.25E-026        0.00        0.03
H2C7N+         2.52E-023   2.68E-023        0.00        0.03
C9H2+          2.36E-025   2.49E-025        0.00        0.02
C9N+           9.37E-032   1.01E-031        0.00        0.03
HC9N+          3.05E-029   3.29E-029        0.00        0.03
H2C9N+         1.55E-026   1.68E-026        0.00        0.04
Na             3.34E-010   3.35E-010        1.00        0.00
Na+            2.67E-009   2.66E-009        1.00        0.00
Mg             5.98E-010   6.03E-010        1.01        0.00
Mg+            2.40E-009   2.40E-009        1.00        0.00
H2CO+          2.39E-015   2.39E-015        1.00        0.00
PH+            1.30E-014   1.31E-014        1.01        0.00
H2NO+          3.32E-016   3.46E-016        1.04        0.02
PH2+           4.48E-017   4.51E-017        1.01        0.00
CH3OH2+        5.01E-018   5.17E-018        1.03        0.01
PH3+           7.30E-016   7.40E-016        1.01        0.01
HCl            6.57E-010   0.00E+000    ********       90.82
C2NH+          2.08E-017   2.09E-017        1.01        0.00
HC2O+          7.71E-016   7.87E-016        1.02        0.01
CH3CO+         3.03E-015   3.06E-015        1.01        0.00
NH2CNH+        1.04E-016   1.05E-016        1.01        0.00
SiCH3+         1.03E-019   1.05E-019        1.02        0.01
SiCH4+         1.16E-019   1.18E-019        1.02        0.01
HN2O+          7.40E-016   0.00E+000    ********       84.87
CH3CHOH+       2.95E-015   3.05E-015        1.03        0.01
HPN+           3.54E-013   3.55E-013        1.00        0.00
H2CS+          3.75E-017   3.75E-017        1.00        0.00
PCH4+          2.36E-018   2.38E-018        1.01        0.00
C2H5OH         2.66E-014   2.66E-014        1.00        0.00
CH3OCH3        1.13E-019   0.00E+000    ********       81.05
CH3OCH4+       1.19E-022   0.00E+000        0.00       78.07
HNS+           5.23E-018   0.00E+000    ********       82.72
H3CS+          3.49E-015   3.43E-015        1.02        0.01
H3SiO+         4.80E-021   0.00E+000        0.00       79.68
HPO+           8.66E-014   8.78E-014        1.01        0.01
H2PO+          1.08E-016   1.08E-016        1.00        0.00
HSO+           5.69E-013   5.86E-013        1.03        0.01
C4H3+          1.19E-016   1.25E-016        1.05        0.02
C4H4+          3.94E-019   5.37E-019        1.36        0.13
SiC2H2+        4.51E-018   4.69E-018        1.04        0.02
SiNCH+         1.39E-021   1.41E-021        0.00        0.01
SiC2H3+        4.78E-018   4.97E-018        1.04        0.02
HC2P+          2.50E-019   2.56E-019        1.02        0.01
Fe             5.70E-010   5.76E-010        1.01        0.00
Fe+            2.43E-009   2.42E-009        1.00        0.00
PC2H2+         1.68E-018   1.75E-018        1.04        0.02
CH3COCH3       1.51E-018   0.00E+000    ********       82.18
C3H5+          1.40E-017   1.45E-017        1.03        0.01
CH3COCH4+      2.48E-021   0.00E+000        0.00       79.39
HCOOCH3        3.06E-023   0.00E+000        0.00       77.49
H5C2O2+        4.21E-026   0.00E+000        0.00       74.62
HOCS+          6.87E-014   6.80E-014        1.01        0.00
HSiO2+         2.27E-015   0.00E+000    ********       85.36
SiS            3.39E-017   0.00E+000    ********       83.53
HSiS+          4.56E-020   0.00E+000        0.00       80.66
C5H5+          6.42E-019   6.65E-019        1.04        0.02
SiC3H+         3.69E-018   3.82E-018        1.03        0.01
HS2+           4.70E-019   4.55E-019        1.03        0.01
SiC3H2+        2.02E-020   2.16E-020        0.00        0.03
HS2            6.31E-014   6.17E-014        1.02        0.01
H2S2+          4.91E-017   4.82E-017        1.02        0.01
H2S2           8.27E-015   7.98E-015        1.04        0.02
H3S2+          7.43E-018   7.19E-018        1.03        0.01
PC3H+          1.59E-020   1.60E-020        0.00        0.00
HC3S+          4.27E-017   4.29E-017        1.00        0.00
C6H3+          2.47E-019   2.64E-019        1.07        0.03
SiC4H+         1.96E-023   2.10E-023        0.00        0.03
C6H6           1.18E-017   1.25E-017        1.06        0.03
C6H7+          7.28E-022   7.66E-022        0.00        0.02
PC4H+          2.05E-020   2.06E-020        0.00        0.00
C4S            1.47E-015   1.50E-015        1.02        0.01
HC4S+          1.04E-018   1.06E-018        1.02        0.01
C7H5+          9.07E-022   9.36E-022        0.00        0.01
CH3C5NH+       5.06E-025   5.31E-025        0.00        0.02
C8H3+          1.66E-022   1.79E-022        0.00        0.03
C9H3+          7.88E-024   8.21E-024        0.00        0.02
CH3C7NH+       1.35E-027   1.45E-027        0.00        0.03
P+             1.90E-015   1.88E-015        1.01        0.00
O2+            1.45E-011   1.43E-011        1.01        0.01
PO+            1.13E-013   1.13E-013        1.00        0.00
C2N+           5.23E-015   5.26E-015        1.01        0.00
S2+            4.36E-016   4.20E-016        1.04        0.02
CCP+           1.13E-018   1.14E-018        1.01        0.00
H2NC+          1.27E-013   1.28E-013        1.01        0.00
CF+            1.79E-012   1.79E-012        1.00        0.00
CNC+           3.16E-015   3.17E-015        1.00        0.00
C-             1.30E-021   0.00E+000        0.00       79.11
CCl+           6.41E-015   0.00E+000    ********       85.81
SiNC+          4.55E-017   4.62E-017        1.02        0.01
E-             8.10E-009   8.08E-009        1.00        0.00
C3S+           5.14E-019   5.16E-019        1.00        0.00
SiC4+          2.54E-021   2.66E-021        0.00        0.02
H3C5N+         3.43E-023   3.52E-023        0.00        0.01
H3C7N+         6.22E-025   6.60E-025        0.00        0.03
C10+           6.11E-025   6.55E-025        0.00        0.03
H3C9N+         6.68E-028   7.10E-028        0.00        0.03
CH2CO+         1.92E-016   1.95E-016        1.02        0.01
NS+            1.02E-016   1.00E-016        1.02        0.01
C4H5+          4.92E-020   5.17E-020        0.00        0.02
CH3C4H+        1.09E-019   1.12E-019        1.03        0.01
CH3C6H+        4.28E-022   4.49E-022        0.00        0.02
C9H4+          1.14E-024   1.20E-024        0.00        0.02
CH4N+          1.68E-016   1.69E-016        1.01        0.00
OCN+           9.57E-017   0.00E+000    ********       83.98
H2CCl+         9.16E-017   0.00E+000    ********       83.96
H2SiO+         1.03E-019   1.05E-019        1.03        0.01
PN+            9.29E-016   9.29E-016        1.00        0.00
OCS+           4.28E-015   4.23E-015        1.01        0.00
PCH3+          4.21E-017   4.26E-017        1.01        0.00
HCOOH2+        4.01E-013   4.04E-013        1.01        0.00
C6H4+          2.29E-020   2.38E-020        0.00        0.02
C8H4+          1.07E-023   1.14E-023        0.00        0.03
C2H7+          1.18E-023   0.00E+000        0.00       77.07
PNH2+          9.06E-018   0.00E+000    ********       82.96
PNH3+          1.61E-017   0.00E+000    ********       83.21
CH2NH2+        2.07E-016   2.08E-016        1.00        0.00
C2H5OH2+       3.04E-017   3.07E-017        1.01        0.00
HNCO+          2.55E-022   0.00E+000        0.00       78.41
N2O+           8.60E-016   0.00E+000    ********       84.93
SiF+           1.63E-014   1.65E-014        1.01        0.01
C2O+           1.26E-020   1.29E-020        0.00        0.01
C4H7+          3.47E-022   0.00E+000        0.00       78.54
PC2H3+         7.15E-020   7.38E-020        0.00        0.01
CH3CS+         9.80E-019   0.00E+000    ********       81.99
PC2H4+         1.29E-022   0.00E+000        0.00       78.11
CH3COCH3+      6.16E-023   0.00E+000        0.00       77.79
C4S+           1.47E-020   1.49E-020        0.00        0.01
CH3OH+         3.17E-019   3.25E-019        1.02        0.01
CH3CHO+        2.99E-017   3.07E-017        1.03        0.01
C2H5OH+        5.05E-019   5.06E-019        1.00        0.00
CH3OCH3+       2.33E-024   0.00E+000        0.00       76.37
COOCH4+        9.16E-028   0.00E+000        0.00       72.96
C4P+           1.38E-025   0.00E+000        0.00       75.14
ClO+           0.00E+000   0.00E+000        0.00        -Inf
S-             1.35E-017   0.00E+000    ********       83.13
HCOOH+         3.57E-028   0.00E+000        0.00       72.55
C3H2O+         1.82E-019   0.00E+000    ********       81.26
H3C3O+         8.98E-017   9.18E-017        1.02        0.01
NCCNCH3+       4.13E-025   0.00E+000        0.00       75.62
C8H5+          3.30E-024   3.63E-024        0.00        0.04
C9H5+          4.52E-026   0.00E+000        0.00       74.66
