H              1.25E-006   1.25E-006     1.0002     1.0000   *
H2             5.00E-001   5.00E-001      1.00      0.00
D              5.84E-009   5.77E-009     1.0124     1.0000   *
D2             1.21E-006   1.19E-006      1.02      0.00
H2+            5.69E-015   5.69E-015      1.00      0.00
H3+            3.35E-011   3.36E-011     1.0028     1.0000   *
HD+            2.00E-019   2.00E-019      1.00      0.00
H2D+           1.43E-012   1.42E-012     1.0041     1.0000   *
HD             1.76E-005   1.73E-005      1.01      0.00
D2+            1.38E-020   0.00E+000   *******      0.00
HD2+           6.04E-014   5.98E-014     1.0091     1.0000   *
D3+            6.34E-015   6.32E-015     1.0027     1.0000   *
CH2+           5.33E-018   5.37E-018      1.01      0.00
CH3+           4.21E-014   4.28E-014      1.02      0.00
CH2D+          6.91E-015   7.01E-015      1.01      0.00
CHD+           2.32E-020   2.12E-020      1.09      0.00
CHD2+          1.08E-015   1.06E-015      1.02      0.00
CD2+           1.11E-021   1.18E-021      0.00      0.00
CD3+           8.55E-017   8.49E-017      1.01      0.00
CH+            8.06E-020   8.66E-020      1.08      0.00
CD+            3.99E-021   2.75E-021      0.00      0.00
H2O+           4.23E-015   4.23E-015      1.00      0.00
H3O+           2.04E-010   2.04E-010      1.00      0.00
H2DO+          2.28E-012   2.29E-012      1.00      0.00
HDO+           3.92E-017   3.87E-017      1.01      0.00
HD2O+          2.24E-014   2.33E-014      1.04      0.00
D2O+           5.66E-019   5.57E-019      1.02      0.00
D3O+           1.68E-016   4.89E-017      3.44      0.00
OH+            2.21E-015   2.21E-015      1.00      0.00
OD+            1.70E-017   1.69E-017      1.01      0.00
E-             6.43E-009   6.43E-009     1.0000     1.0000   *
OH             2.06E-009   2.07E-009     1.0033     1.0000   *
OD             1.03E-011   1.00E-011     1.0228     1.0000   *
CH2            2.97E-013   3.31E-013      1.12      0.00
O              1.89E-005   1.88E-005      1.00      0.00
CO             7.28E-005   7.28E-005     1.0002     1.0000   *
CHD            2.83E-014   3.91E-014      1.38      0.00
CD2            1.49E-015   3.46E-010   *******      0.00
C2H+           4.35E-021   4.56E-021      0.00      0.00
C2H2+          3.65E-017   4.11E-017      1.13      0.00
C2HD+          3.48E-018   3.35E-018      1.04      0.00
C2D+           9.99E-026   9.25E-026      0.00      0.00
C2D2+          1.82E-019   2.12E-019      1.17      0.00
H2O            8.28E-008   8.26E-008     1.0019     1.0000   *
HDO            6.28E-010   6.15E-010     1.0215     1.0000   *
D2O            3.09E-012   3.08E-012     1.0042     1.0000   *
He+            4.79E-012   4.80E-012      1.00      0.00
C+             1.27E-011   1.28E-011      1.00      0.00
He             1.40E-001   1.40E-001      1.00      0.00
HCO+           6.05E-010   6.05E-010     1.0005     1.0000   *
DCO+           9.12E-012   9.07E-012     1.0052     1.0000   *
C              1.90E-012   1.97E-012      1.03      0.00
CH5+           7.05E-014   7.58E-014      1.07      0.00
CH4            3.49E-008   4.01E-008      1.15      0.00
CH4D+          1.43E-014   1.31E-014      1.09      0.00
CH3D           5.99E-009   5.52E-009     1.0840     1.0000   *
CH3D2+         2.97E-015   2.93E-015      1.01      0.00
CH2D2          9.44E-010   1.03E-009      1.10      0.00
CH2D3+         3.65E-016   3.47E-016      1.05      0.00
CHD3           6.90E-011   7.05E-011      1.02      0.00
CHD4+          8.20E-019   0.00E+000   *******      0.00
CD4            7.92E-014   0.00E+000   *******      0.00
HOC+           9.26E-016   9.17E-016      1.01      0.00
DOC+           5.54E-018   5.03E-018      1.10      0.00
H+             1.61E-012   1.61E-012      1.00      0.00
D+             9.37E-021   6.54E-021      0.00      0.00
O2             4.18E-005   4.17E-005     1.0023     1.0000   *
H2O2           5.82E-099   6.38E-099     0.0000     1.0000   *
HDO2           5.58E-100   6.05E-100     0.0000     1.0000   *
D2O2           0.00E+000   0.00E+000      0.00      0.00
CH3OH          1.57E-014   1.73E-014     1.1000     1.0000   *
CH3OH2+        3.12E-017   3.19E-017      1.02      0.00
CH2DOH2+       9.58E-018   1.05E-017      1.09      0.00
CH3OHD+        6.88E-019   7.75E-019      1.13      0.00
CH2DOH         2.19E-015   2.51E-015     1.1458     1.0000   *
CH3OD          7.31E-016   8.37E-016     1.1457     1.0000   *
CHD2OH2+       2.18E-018   2.21E-018      1.01      0.00
CH2DOHD+       1.34E-019   1.47E-019      1.09      0.00
CH3OD2+        8.12E-021   9.61E-021      0.00      0.00
CHD2OH         9.22E-016   1.20E-015     1.2966     1.0000   *
CH2DOD         9.22E-016   1.20E-015     1.2966     1.0000   *
CD3OH2+        2.28E-019   2.34E-019      1.02      0.00
CHD2OHD+       2.28E-020   2.28E-020      1.00      0.00
CH2DOD2+       1.16E-021   1.32E-021      0.00      0.00
CD3OH          1.49E-017   1.67E-017     1.1202     1.0000   *
CHD2OD         4.48E-017   5.01E-017     1.1202     1.0000   *
CD3OHD+        2.16E-021   0.00E+000      0.00      0.00
CHD2OD2+       1.42E-022   0.00E+000      0.00      0.00
CD3OD          4.33E-019   0.00E+000   *******      0.00
CH             4.25E-013   4.54E-013      1.07      0.00
CH3            1.71E-013   1.85E-013      1.08      0.00
H2CO           2.35E-013   2.52E-013     1.0741     1.0000   *
CD             1.69E-014   1.59E-014      1.06      0.00
CH2D           2.30E-014   2.14E-014      1.07      0.00
HDCO           2.22E-014   2.08E-014     1.0650     1.0000   *
CHD2           2.42E-015   2.40E-015      1.01      0.00
D2CO           1.17E-015   1.15E-015     1.0176     1.0000   *
CD3            8.20E-017   7.56E-017      1.08      0.00
HCO            6.29E-013   6.68E-013      1.06      0.00
DCO            1.29E-014   1.49E-014      1.15      0.00
CH3CHO         3.75E-013   4.30E-013      1.15      0.00
CH2DCHO        6.00E-014   6.34E-014      1.06      0.00
CH3CDO         2.00E-014   1.97E-014      1.01      0.00
CHD2CHO        3.01E-014   4.26E-014      1.41      0.00
CH2DCDO        3.01E-014   4.26E-014      1.41      0.00
CD3CHO         1.20E-016   1.30E-016      1.08      0.00
CHD2CDO        3.61E-016   5.04E-017      7.15      0.00
CD3CDO         2.62E-018   0.00E+000   *******      0.00
NH3            1.61E-008   1.61E-008     1.0003     1.0000   *
NH4+           5.10E-012   5.08E-012      1.00      0.00
NH2D           2.15E-010   2.35E-010     1.0919     1.0000   *
NH3D+          9.05E-014   9.86E-014      1.09      0.00
NHD2           1.89E-012   1.96E-012     1.0408     1.0000   *
NH2D2+         1.17E-015   1.22E-015      1.04      0.00
ND3            1.52E-014   1.53E-014     1.0059     1.0000   *
NHD3+          1.90E-017   1.90E-017      1.00      0.00
ND4+           8.37E-020   9.42E-020      1.13      0.00
NH2+           3.76E-016   3.74E-016      1.00      0.00
NHD+           4.29E-020   4.63E-020      1.08      0.00
ND2+           4.28E-022   4.27E-022      0.00      0.00
H2NC+          3.11E-013   3.12E-013      1.00      0.00
HDNC+          2.80E-015   3.06E-015      1.09      0.00
D2NC+          1.27E-017   1.31E-017      1.04      0.00
HCN            1.24E-010   1.25E-010     1.0097     1.0000   *
HCNH+          4.16E-013   4.19E-013      1.01      0.00
DCNH+          4.15E-015   4.26E-015      1.03      0.00
HCND+          4.15E-015   4.26E-015      1.03      0.00
DCN            1.30E-012   1.35E-012     1.0357     1.0000   *
DCND+          2.14E-017   2.26E-017      1.05      0.00
CH3CNH+        3.22E-016   3.25E-016      1.01      0.00
CH2DCNH+       9.53E-018   8.65E-018      1.10      0.00
CH3CND+        3.18E-018   2.82E-018      1.12      0.00
CHD2CNH+       4.54E-019   3.50E-019      1.30      0.00
CH2DCND+       4.54E-019   3.50E-019      1.30      0.00
CD3CNH+        1.57E-020   0.00E+000   *******      0.00
CHD2CND+       4.70E-020   0.00E+000   *******      0.00
CD3CND+        5.84E-022   0.00E+000      0.00      0.00
CNC+           2.36E-015   2.39E-015      1.01      0.00
CN+            1.29E-020   1.30E-020      1.00      0.00
N              3.28E-008   2.86E-008      1.15      0.00
HNC            2.40E-010   2.41E-010     1.0049     1.0000   *
DNC            1.75E-012   1.83E-012     1.0478     1.0000   *
C2N+           4.94E-015   4.98E-015      1.01      0.00
HN2+           7.77E-012   7.69E-012     1.0104     1.0000   *
N2             1.05E-005   1.04E-005      1.01      0.00
DN2+           1.12E-013   1.10E-013     1.0175     1.0000   *
NH             4.84E-011   4.81E-011      1.01      0.00
ND             6.81E-013   6.72E-013      1.01      0.00
N2+            3.23E-017   3.19E-017      1.01      0.00
H2S            5.47E-011   5.02E-011     1.0884     1.0000   *
H3S+           4.63E-014   4.23E-014      1.10      0.00
H2DS+          1.15E-015   9.50E-016      1.21      0.00
HDS            9.16E-013   7.70E-013     1.1894     1.0000   *
HD2S+          1.33E-017   9.18E-018      1.44      0.00
D2S            9.17E-015   2.25E-011   2450.71      0.00
D3S+           1.29E-019   0.00E+000   *******      0.00
S+             1.19E-012   1.09E-012      1.09      0.00
HCS+           1.63E-014   1.62E-014      1.01      0.00
DCS+           1.78E-016   1.64E-016      1.09      0.00
H2S+           1.05E-015   9.58E-016      1.09      0.00
HDS+           6.05E-018   5.05E-018      1.20      0.00
D2S+           3.77E-020   0.00E+000   *******      0.00
HCOOH          1.02E-009   6.53E-010     1.5662     1.0000   *
DCOOH          2.50E-011   2.05E-011     1.2210     1.0000   *
HCOOD          2.50E-011   2.05E-011     1.2210     1.0000   *
DCOOD          2.18E-012   0.00E+000   *******      0.00
HCOOH2+        6.89E-013   4.37E-013      1.58      0.00
DCOOH2+        2.54E-015   2.20E-015      1.16      0.00
HCOOHD+        5.09E-015   4.40E-015      1.16      0.00
DCOOHD+        4.40E-016   0.00E+000   *******      0.00
HCOOD2+        2.20E-016   0.00E+000   *******      0.00
DCOOD2+        2.15E-017   0.00E+000   *******      0.00
C2H3+          4.46E-014   5.07E-014      1.14      0.00
C2H            1.41E-012   1.59E-012      1.13      0.00
C2H2D+         4.93E-015   4.88E-015      1.01      0.00
C2D            5.60E-014   5.70E-014      1.02      0.00
C2HD2+         3.65E-016   4.44E-016      1.22      0.00
C2D3+          1.13E-017   1.27E-017      1.12      0.00
Fe             3.26E-010   3.26E-010     1.0005     1.0000   *
Fe+            2.67E-009   2.67E-009      1.00      0.00
H-             7.93E-014   7.96E-014      1.00      0.00
C2H3           1.81E-015   2.12E-015      1.17      0.00
C2H2D          2.10E-016   1.86E-016      1.13      0.00
C2HD2          6.14E-018   6.92E-018      1.13      0.00
C2D3           1.45E-019   4.79E-009   *******      0.00
HeH+           1.38E-016   1.38E-016      1.00      0.00
HeD+           2.76E-021   0.00E+000      0.00      0.00
C5H+           2.36E-019   5.07E-021     46.57      0.00
C4H            9.71E-016   6.44E-016      1.51      0.00
CO+            2.72E-016   2.72E-016      1.00      0.00
S              6.93E-009   6.29E-009      1.10      0.00
CH3CHOH+       1.13E-015   1.29E-015      1.14      0.00
CH2DCHOH+      5.23E-017   4.97E-017      1.05      0.00
CH3CDOH+       1.74E-017   2.23E-017      1.28      0.00
CH3CHOD+       1.74E-017   1.66E-017      1.05      0.00
CHD2CHOH+      3.39E-018   4.27E-018      1.26      0.00
CH2DCDOH+      3.39E-018   4.27E-018      1.26      0.00
CH2DCHOD+      3.39E-018   4.27E-018      1.26      0.00
CH3CDOD+       1.13E-018   1.68E-018      1.49      0.00
CD3CHOH+       1.34E-020   2.86E-020      2.14      0.00
CHD2CDOH+      4.01E-020   6.05E-021      6.62      0.00
CHD2CHOD+      4.01E-020   6.05E-021      6.62      0.00
CH2DCDOD+      4.01E-020   8.61E-020      2.15      0.00
CD3CDOH+       2.86E-022   0.00E+000      0.00      0.00
CD3CHOD+       2.86E-022   0.00E+000      0.00      0.00
CHD2CDOD+      8.59E-022   0.00E+000      0.00      0.00
NH3+           8.81E-013   8.78E-013      1.00      0.00
NH2D+          2.46E-016   2.62E-016      1.07      0.00
NHD2+          2.69E-018   2.70E-018      1.00      0.00
ND3+           7.99E-021   7.88E-021      0.00      0.00
NH+            7.86E-017   7.83E-017      1.00      0.00
ND+            1.57E-021   2.04E-021      0.00      0.00
C4H2+          2.95E-017   3.24E-017      1.10      0.00
C3             2.17E-013   2.46E-013      1.13      0.00
C3H2+          1.03E-016   1.15E-016      1.12      0.00
C2             2.56E-014   2.61E-014      1.02      0.00
C3HD+          2.91E-018   3.39E-018      1.17      0.00
CH2CN          2.05E-012   2.08E-012      1.02      0.00
CHDCN          4.35E-014   3.99E-014      1.09      0.00
CD2CN          1.36E-015   1.00E-015      1.36      0.00
CH3CN+         2.93E-021   2.93E-021      0.00      0.00
CH2DCN+        1.18E-022   1.10E-022      0.00      0.00
CHD2CN+        3.46E-024   6.92E-025      0.00      0.00
CD3CN+         7.94E-026   0.00E+000      0.00      0.00
CN             3.09E-013   3.09E-013      1.00      0.00
HCN+           2.08E-020   2.09E-020      1.01      0.00
DCN+           3.55E-023   3.63E-023      0.00      0.00
NO             2.96E-007   3.36E-007      1.13      0.00
N+             1.71E-015   1.70E-015      1.00      0.00
D-             1.89E-018   1.65E-018      1.15      0.00
HS             2.74E-009   2.63E-009      1.04      0.00
DS             4.70E-011   4.17E-011      1.13      0.00
HS+            1.25E-013   1.13E-013      1.11      0.00
DS+            1.89E-015   1.66E-015      1.14      0.00
SO+            5.71E-013   5.04E-013      1.13      0.00
CS+            2.39E-019   3.29E-019      1.38      0.00
CH2CO          3.81E-012   4.22E-012      1.11      0.00
CHDCO          7.12E-013   6.09E-013      1.17      0.00
CD2CO          2.20E-013   0.00E+000   *******      0.00
C2H4+          8.11E-016   9.15E-016      1.13      0.00
C2H3D+         1.14E-016   1.14E-016      1.00      0.00
C2H2D2+        4.12E-018   0.00E+000   *******      0.00
C2HD3+         3.35E-022   0.00E+000      0.00      0.00
C2D4+          9.97E-024   0.00E+000      0.00      0.00
C6+            5.18E-025   1.23E-026      0.00      0.00
C5+            1.49E-025   8.46E-026      0.00      0.00
C5             1.10E-015   2.43E-017     45.02      0.00
C4HD+          3.08E-019   6.70E-019      2.18      0.00
C4D            8.02E-015   1.60E-014      2.00      0.00
C2H2           2.86E-010   3.24E-010      1.14      0.00
C2HD           2.17E-011   2.21E-011      1.02      0.00
C2D2           3.35E-012   4.46E-012      1.33      0.00
C4H+           2.87E-021   3.18E-021      0.00      0.00
C4D+           1.91E-023   4.46E-023      0.00      0.00
C3H+           4.46E-019   5.06E-019      1.14      0.00
C3D+           2.04E-020   2.34E-020      1.15      0.00
C3D2+          4.79E-022   3.65E-022      0.00      0.00
HC3N           3.94E-015   1.53E-015      2.58      0.00
DC3N           1.10E-015   6.18E-016      1.78      0.00
CH3CO+         2.19E-015   2.35E-015      1.08      0.00
CH2DCO+        1.59E-016   1.45E-016      1.09      0.00
C6H+           2.07E-023   4.93E-025      0.00      0.00
C4+            7.94E-022   8.75E-022      0.00      0.00
C3H3+          9.51E-016   1.08E-015      1.14      0.00
C3H2D+         1.67E-017   3.77E-017      2.25      0.00
C3HD2+         1.07E-021   1.20E-021      0.00      0.00
C3D3+          2.94E-023   0.00E+000      0.00      0.00
HC3NH+         1.35E-018   5.72E-019      2.36      0.00
DC3NH+         9.95E-021   7.33E-021      0.00      0.00
HC3ND+         9.95E-021   6.32E-021      0.00      0.00
CHD2CO+        1.70E-017   0.00E+000   *******      0.00
CD3CO+         1.25E-018   0.00E+000   *******      0.00
C6H2+          4.57E-022   1.09E-023      0.00      0.00
H2C3H+         6.48E-016   7.37E-016      1.14      0.00
HDC3H+         1.99E-017   3.43E-017      1.72      0.00
H2C3D+         9.90E-018   1.14E-017      1.15      0.00
C6             3.93E-021   5.96E-022      0.00      0.00
D2C3H+         2.49E-021   0.00E+000      0.00      0.00
HDC3D+         5.00E-021   0.00E+000      0.00      0.00
D2C3D+         2.06E-022   0.00E+000      0.00      0.00
H3CO+          7.02E-016   7.05E-016      1.01      0.00
H2DCO+         8.90E-017   6.73E-017      1.32      0.00
HD2CO+         7.72E-018   6.06E-018      1.27      0.00
D3CO+          2.53E-019   2.36E-019      1.07      0.00
CH4+           5.73E-019   6.48E-019      1.13      0.00
CH3D+          8.28E-020   7.71E-020      1.07      0.00
CH2D2+         9.83E-021   1.05E-020      0.00      0.00
CHD3+          4.60E-022   4.59E-022      0.00      0.00
CD4+           3.95E-025   0.00E+000      0.00      0.00
CH3CHO+        4.89E-018   0.00E+000   *******      0.00
CH2DCHO+       7.91E-019   9.90E-019      1.25      0.00
CH3CDO+        2.65E-019   0.00E+000   *******      0.00
CHD2CHO+       5.48E-020   0.00E+000   *******      0.00
CH2DCDO+       5.48E-020   0.00E+000   *******      0.00
CD3CHO+        1.46E-022   0.00E+000      0.00      0.00
CHD2CDO+       4.39E-022   0.00E+000      0.00      0.00
CD3CDO+        1.58E-024   0.00E+000      0.00      0.00
NH2            3.82E-011   3.81E-011      1.00      0.00
NHD            3.41E-013   3.73E-013      1.09      0.00
ND2            1.52E-015   1.58E-015      1.04      0.00
CH3CN          8.04E-014   8.14E-014      1.01      0.00
CH2DCN         6.79E-015   6.17E-015      1.10      0.00
CHD2CN         1.27E-015   2.39E-015      1.89      0.00
CD3CN          4.13E-017   0.00E+000   *******      0.00
H3CS+          2.28E-015   2.34E-015      1.03      0.00
H2DCS+         2.52E-016   2.10E-016      1.20      0.00
HD2CS+         2.19E-017   0.00E+000   *******      0.00
D3CS+          6.91E-019   0.00E+000   *******      0.00
C3H            3.25E-015   3.22E-015      1.01      0.00
C3S+           2.08E-020   2.08E-020      1.00      0.00
C3D            4.34E-017   5.05E-017      1.16      0.00
C3H2           2.88E-012   3.25E-012      1.13      0.00
C3HD           7.82E-014   1.82E-013      2.33      0.00
C3+            1.91E-022   2.06E-022      0.00      0.00
CH2CO+         2.52E-017   2.80E-017      1.11      0.00
CHDCO+         4.70E-018   4.03E-018      1.17      0.00
C3N+           1.96E-025   7.62E-026      0.00      0.00
C4N+           2.02E-023   7.86E-024      0.00      0.00
HC3N+          1.05E-022   4.58E-023      0.00      0.00
DC3N+          4.50E-024   2.53E-024      0.00      0.00
C3D2           5.42E-016   5.62E-016      1.04      0.00
C6H            2.76E-019   1.93E-019      1.43      0.00
C7+            2.99E-026   2.25E-026      0.00      0.00
C7H+           3.29E-022   2.48E-022      0.00      0.00
C5H            6.16E-018   2.06E-019     29.97      0.00
HNO            4.10E-011   4.11E-011      1.00      0.00
DNO            1.87E-013   2.41E-007   *******      0.00
CS             9.81E-011   9.17E-011      1.07      0.00
C4             7.81E-019   5.85E-019      1.33      0.00
HC2S+          1.14E-016   1.08E-016      1.06      0.00
DC2S+          2.21E-018   0.00E+000   *******      0.00
CD2CO+         0.00E+000   0.00E+000      0.00      0.00
C3N            3.10E-018   2.47E-018      1.26      0.00
C7             4.43E-018   3.33E-018      1.33      0.00
C2N            1.02E-014   9.59E-015      1.07      0.00
CO2            1.35E-007   1.37E-007      1.02      0.00
H2CS           3.66E-011   3.86E-011      1.05      0.00
HDCS           2.83E-012   4.79E-012      1.70      0.00
D2CS           1.24E-013   0.00E+000   *******      0.00
C2S            1.41E-013   1.31E-013      1.08      0.00
H2CCCC         2.12E-013   3.11E-015     68.15      0.00
C2S+           9.14E-024   8.74E-024      0.00      0.00
C4N            4.64E-018   2.71E-018      1.71      0.00
C8+            2.40E-026   1.81E-026      0.00      0.00
C3H3           7.28E-015   2.61E-015      2.79      0.00
C3H2D          1.03E-015   6.34E-016      1.63      0.00
HDCCCC         1.37E-013   2.27E-013      1.66      0.00
C8H+           1.13E-028   8.50E-029      0.00      0.00
C2H4           5.90E-012   7.65E-012      1.30      0.00
C2H3D          1.05E-012   8.72E-013      1.20      0.00
C2H2D2         2.29E-012   2.51E-012      1.10      0.00
C3HD2          1.86E-010   2.01E-010      1.08      0.00
C2HD3          1.33E-013   8.98E-014      1.48      0.00
C3D3           3.86E-012   0.00E+000   *******      0.00
C2D4           1.68E-015   0.00E+000   *******      0.00
C8H2+          1.92E-024   1.45E-024      0.00      0.00
C8             1.30E-023   9.84E-024      0.00      0.00
C2H5+          1.12E-015   1.39E-015      1.24      0.00
C2H4D+         2.34E-016   1.94E-016      1.21      0.00
C2H3D2+        1.31E-017   1.32E-017      1.00      0.00
C2H2D3+        1.27E-018   1.27E-018      1.00      0.00
C2HD4+         5.55E-020   0.00E+000   *******      0.00
HC3S+          3.58E-018   3.62E-018      1.01      0.00
DC3S+          2.41E-020   0.00E+000   *******      0.00
C4H3+          2.01E-017   5.46E-019     36.78      0.00
C4H2D+         6.09E-019   1.14E-018      1.87      0.00
C8H            7.56E-023   5.79E-023      0.00      0.00
C7H            3.53E-022   2.73E-022      0.00      0.00
C9             6.20E-026   5.29E-026      0.00      0.00
C6H2           5.81E-017   4.36E-017      1.33      0.00
C10+           3.08E-032   2.64E-032      0.00      0.00
CH3C4H         3.40E-016   0.00E+000   *******      0.00
C5H5+          6.75E-020   0.00E+000   *******      0.00
C5H2           6.81E-016   0.00E+000   *******      0.00
O+             6.47E-016   6.47E-016      1.00      0.00
O2+            3.15E-011   3.15E-011      1.00      0.00
C2+            4.35E-021   4.56E-021      0.00      0.00
NO+            8.91E-013   1.02E-012      1.14      0.00
OCN            2.23E-011   2.23E-011      1.00      0.00
SO             3.36E-009   5.43E-009      1.62      0.00
CH2CN+         2.70E-017   2.76E-017      1.02      0.00
CHDCN+         5.74E-019   5.28E-019      1.09      0.00
HNO+           1.78E-012   2.01E-012      1.13      0.00
DNO+           2.70E-014   3.15E-014      1.17      0.00
SO2            5.93E-009   4.67E-009      1.27      0.00
H2CCC          2.23E-015   2.53E-015      1.13      0.00
HDCCC          6.74E-017   1.04E-016      1.54      0.00
D2CCC          1.52E-013   0.00E+000   *******      0.00
HCO2+          1.67E-013   1.66E-013      1.01      0.00
DCO2+          7.94E-015   5.80E-015      1.37      0.00
CH3CCH+        3.82E-019   1.35E-019      2.84      0.00
CH2DCCH+       9.32E-021   0.00E+000      0.00      0.00
CH3CCD+        3.10E-021   0.00E+000      0.00      0.00
CHD2CCH+       0.00E+000   0.00E+000      0.00      0.00
CH2DCCD+       0.00E+000   0.00E+000      0.00      0.00
CD3CCH+        0.00E+000   0.00E+000      0.00      0.00
CHD2CCD+       0.00E+000   0.00E+000      0.00      0.00
CD3CCD+        0.00E+000   0.00E+000      0.00      0.00
C3S            5.68E-015   5.71E-015      1.01      0.00
C9H+           2.21E-030   1.75E-030      0.00      0.00
C6H3+          6.07E-021   4.56E-021      0.00      0.00
C5H3+          1.78E-019   0.00E+000   *******      0.00
HSO+           1.36E-012   2.19E-012      1.61      0.00
DSO+           2.05E-014   0.00E+000   *******      0.00
CD2CN+         0.00E+000   0.00E+000      0.00      0.00
HSO2+          1.03E-013   7.93E-014      1.30      0.00
DSO2+          1.56E-015   0.00E+000   *******      0.00
C3O            0.00E+000   0.00E+000      0.00      0.00
C7H3+          0.00E+000   0.00E+000      0.00      0.00
C9+            0.00E+000   0.00E+000      0.00      0.00
HC3O+          0.00E+000   0.00E+000      0.00      0.00
DC3O+          0.00E+000   0.00E+000      0.00      0.00
NH2CN          3.09E-012   3.14E-012      1.02      0.00
NHDCN          1.81E-012   1.97E-012      1.09      0.00
ND2CN          6.32E-014   6.33E-014      1.00      0.00
NH2CNH+        4.61E-016   4.68E-016      1.02      0.00
NHDCNH+        0.00E+000   0.00E+000      0.00      0.00
NH2CND+        0.00E+000   0.00E+000      0.00      0.00
ND2CNH+        0.00E+000   0.00E+000      0.00      0.00
NHDCND+        0.00E+000   0.00E+000      0.00      0.00
ND2CND+        0.00E+000   0.00E+000      0.00      0.00
Na             1.80E-010   1.81E-010      1.00      0.00
Na+            2.82E-009   2.82E-009      1.00      0.00
CH2NH2+        5.30E-016   5.52E-016      1.04      0.00
CHDNH2+        1.27E-017   1.29E-017      1.02      0.00
CH2NHD+        1.27E-017   1.29E-017      1.02      0.00
CD2NH2+        1.17E-020   0.00E+000   *******      0.00
CHDNHD+        4.68E-020   7.58E-020      1.62      0.00
CH2ND2+        1.17E-020   0.00E+000   *******      0.00
CD2NHD+        2.27E-022   0.00E+000      0.00      0.00
CHDND2+        2.27E-022   0.00E+000      0.00      0.00
CD2ND2+        1.34E-024   0.00E+000      0.00      0.00
CH2NH          1.25E-012   1.30E-012      1.04      0.00
CHDNH          3.16E-014   3.17E-014      1.00      0.00
CH2ND          1.58E-014   0.00E+000   *******      0.00
CD2NH          3.20E-016   0.00E+000   *******      0.00
CHDND          6.39E-016   8.38E-016      1.31      0.00
CD2ND          4.02E-018   0.00E+000   *******      0.00
H2CO+          2.39E-015   2.42E-015      1.01      0.00
HDCO+          2.87E-016   2.87E-016      1.00      0.00
D2CO+          3.11E-017   0.00E+000   *******      0.00
S2+            2.42E-016   2.01E-016      1.20      0.00
OCS            7.96E-010   7.21E-010      1.10      0.00
HCS            3.57E-016   3.56E-016      1.01      0.00
DCS            1.22E-017   0.00E+000   *******      0.00
HOCS+          5.87E-014   5.33E-014      1.10      0.00
DOCS+          0.00E+000   0.00E+000      0.00      0.00
H2CS+          7.37E-017   7.58E-017      1.03      0.00
HDCS+          3.86E-018   0.00E+000   *******      0.00
D2CS+          8.11E-020   0.00E+000   *******      0.00
NCCN           4.55E-014   5.24E-014      1.15      0.00
F              2.65E-010   2.59E-010      1.02      0.00
HF             1.96E-008   1.97E-008      1.00      0.00
DF             9.09E-011   0.00E+000   *******      0.00
O2H            1.32E-009   1.42E-009      1.07      0.00
O2D            7.49E-011   8.44E-011      1.13      0.00
F+             6.55E-018   6.56E-018      1.00      0.00
H2F+           1.88E-012   1.86E-012      1.02      0.00
HDF+           4.40E-014   0.00E+000   *******      0.00
D2F+           7.60E-016   0.00E+000   *******      0.00
CH3OH+         5.61E-020   6.14E-020      1.09      0.00
CH2DOH+        7.84E-021   9.03E-021      0.00      0.00
CH3OD+         2.61E-021   2.89E-021      0.00      0.00
CHD2OH+        3.10E-021   4.02E-021      0.00      0.00
CH2DOD+        3.10E-021   4.02E-021      0.00      0.00
CD3OH+         4.86E-023   5.44E-023      0.00      0.00
CHD2OD+        1.46E-022   1.63E-022      0.00      0.00
CD3OD+         1.37E-024   0.00E+000      0.00      0.00
CF+            2.71E-012   2.72E-012      1.00      0.00
HF+            1.91E-018   1.92E-018      1.00      0.00
DF+            3.82E-023   0.00E+000      0.00      0.00
O2H+           1.49E-016   1.45E-016      1.03      0.00
O2D+           2.26E-018   0.00E+000   *******      0.00
C2NH+          5.68E-017   5.24E-017      1.08      0.00
C2ND+          2.25E-018   0.00E+000   *******      0.00
HC2O+          1.27E-014   1.42E-014      1.12      0.00
DC2O+          5.00E-016   4.27E-016      1.17      0.00
N2H+           0.00E+000   0.00E+000      0.00      0.00
N2D+           0.00E+000   0.00E+000      0.00      0.00
CD3OD2+        1.47E-015   0.00E+000   *******      0.00
