H              2.25E-004   2.27E-004        1.01        0.00 *
H2             5.00E-001   5.00E-001        1.00        0.00
D              2.36E-006   2.38E-006        1.01        0.00 *
D2             4.30E-006   4.39E-006        1.02        0.01
H2+            5.67E-013   5.67E-013        1.00        0.00
H3+            2.41E-009   2.35E-009        1.03        0.01 *
HD+            1.02E-017   1.01E-017        0.00        0.01
H2D+           1.92E-010   1.83E-010        1.05        0.02 *
HD             9.01E-006   8.81E-006        1.02        0.01
D2+            4.88E-018   0.00E+000        0.00       82.69
HD2+           6.02E-011   5.87E-011        1.03        0.01 *
D3+            6.59E-012   6.45E-012        1.02        0.01 *
H2O+           5.34E-013   5.31E-013        1.01        0.00
H3O+           2.82E-009   1.97E-009        1.43        0.16
H2DO+          1.04E-010   7.08E-011        1.48        0.17
HDO+           1.75E-014   1.73E-014        1.01        0.01
HD2O+          6.56E-012   4.66E-012        1.41        0.15
D2O+           1.37E-015   1.37E-015        1.00        0.00
D3O+           1.24E-013   9.21E-014        1.35        0.13
CH+            7.00E-017   5.94E-017        0.00        0.07
CH2+           1.21E-015   1.19E-015        1.01        0.01
CHD+           2.11E-018   1.62E-018        0.00        0.11
CD+            3.66E-018   2.80E-018        0.00        0.12
CD2+           2.37E-020   2.44E-020        0.00        0.01
CH3+           3.00E-012   2.70E-012        1.11        0.04
CH2D+          9.76E-014   8.18E-014        1.19        0.08
CHD2+          1.60E-014   1.43E-014        1.12        0.05
CD3+           2.04E-016   1.80E-016        1.14        0.06
OH+            2.53E-013   2.51E-013        1.01        0.00
OD+            8.40E-015   8.30E-015        1.01        0.00
O              4.55E-005   4.68E-005        1.03        0.01
CH2            1.06E-011   9.35E-012        1.13        0.05
CO             7.17E-005   7.13E-005        1.01        0.00 *
CHD            2.78E-013   2.42E-013        1.15        0.06
CD2            1.55E-014   1.43E-014        1.08        0.03
C2H+           3.18E-018   2.61E-018        0.00        0.09
C2H2+          5.83E-015   4.36E-015        1.34        0.13
C2HD+          1.89E-016   1.41E-016        1.34        0.13
C2D+           3.96E-020   3.23E-020        0.00        0.09
C2D2+          1.05E-017   8.57E-018        0.00        0.09
He+            1.26E-010   1.27E-010        1.01        0.00
C+             2.33E-009   2.31E-009        1.01        0.00
He             1.40E-001   1.40E-001        1.00        0.00
HCO+           4.12E-009   2.88E-009        1.43        0.16 *
DCO+           2.80E-010   1.72E-010        1.64        0.21 *
CO2            8.50E-007   8.53E-007        1.00        0.00 *
HCO2+          1.30E-011   8.81E-012        1.48        0.17
DCO2+          7.21E-013   4.60E-013        1.57        0.20
CO+            3.09E-014   3.04E-014        1.02        0.01
HCO            1.24E-012   1.13E-012        1.10        0.04
DCO            2.68E-014   2.39E-014        1.12        0.05
C              3.82E-009   3.84E-009        1.01        0.00
E-             3.19E-008   4.49E-008        1.41        0.15
H2O            2.80E-007   3.17E-007        1.13        0.05 *
HDO            7.42E-009   8.17E-009        1.10        0.04 *
D2O            2.26E-010   2.58E-010        1.14        0.06 *
HOC+           1.21E-013   1.24E-013        1.02        0.01
DOC+           1.60E-015   1.60E-015        1.00        0.00
OH             5.46E-008   5.25E-008        1.04        0.02 *
OD             6.75E-009   6.48E-009        1.04        0.02 *
H+             9.53E-011   9.52E-011        1.00        0.00
D+             4.31E-018   8.30E-015        0.00        3.28
CH5+           5.67E-012   4.22E-012        1.34        0.13
CH4            3.53E-008   2.71E-008        1.30        0.11 *
N              1.49E-008   1.49E-008        1.00        0.00
NO             2.02E-005   2.02E-005        1.00        0.00
H-             5.69E-013   6.24E-013        1.10        0.04
D-             7.23E-016   1.09E-015        1.50        0.18
H2O2           1.08E-268   6.88E-269        0.00     -167.97 *
HDO2           2.99E-270   1.91E-270        0.00     -169.52 *
D2O2           6.29E-272   0.00E+000        0.00     -171.20
H2CO           6.27E-011   6.22E-011        1.01        0.00 *
O2H            8.92E-010   5.78E-010        1.54        0.19 *
HDCO           1.47E-012   1.49E-012        1.02        0.01 *
O2D            1.53E-011   9.36E-012        1.63        0.21 *
D2CO           8.22E-014   8.73E-014        1.06        0.03 *
O2             1.81E-005   1.76E-005        1.02        0.01 *
NH             1.62E-010   1.64E-010        1.01        0.01
ND             5.89E-012   5.79E-012        1.02        0.01
H2CO+          5.56E-014   3.77E-014        1.48        0.17
HDCO+          1.68E-015   1.08E-015        1.56        0.19
D2CO+          9.74E-017   6.18E-017        0.00        0.20
O2+            8.22E-011   5.90E-011        1.39        0.14
CH3OH          5.99E-013   5.34E-013        1.12        0.05 *
CH3OH2+        4.02E-015   2.87E-015        1.40        0.15 *
CH2DOH         1.66E-014   1.94E-014        1.17        0.07 *
CH3OD          5.53E-015   6.54E-015        1.18        0.07 *
CHD2OH         1.40E-015   1.89E-015        1.35        0.13 *
CH2DOD         1.40E-015   1.83E-015        1.31        0.12 *
CD3OH          2.14E-017   2.67E-017        0.00        0.10 *
CHD2OD         6.43E-017   7.92E-017        0.00        0.09 *
CD3OD          1.36E-018   1.66E-018        0.00        0.09 *
H3CO+          1.43E-013   8.03E-014        1.78        0.25
CH3            4.93E-011   4.86E-011        1.01        0.01
CH2D           1.51E-012   1.52E-012        1.00        0.00
CHD2           1.89E-013   1.98E-013        1.05        0.02
CD3            1.72E-015   1.73E-015        1.01        0.00
CH3OH+         2.89E-017   1.79E-017        0.00        0.21
CH2DOH+        7.85E-019   4.43E-013        0.00        5.75
CH3OD+         2.62E-019   1.48E-013        0.00        5.75
CHD2OH+        6.43E-020   3.79E-014        0.00        5.77
CH2DOD+        6.43E-020   3.79E-014        0.00        5.77
CD3OH+         9.58E-022   5.44E-016        0.00        5.75
CHD2OD+        2.88E-021   1.63E-015        0.00        5.75
CD3OD+         5.91E-023   3.28E-017        0.00        5.74
CH2DOH2+       2.57E-016   1.72E-016        1.50        0.17 *
CH3OHD+        2.09E-016   1.46E-016        1.43        0.15 *
CHD2OH2+       6.19E-017   4.58E-017        0.00        0.13 *
CH2DOHD+       1.04E-017   6.98E-018        0.00        0.17 *
CH3OD2+        9.40E-018   7.10E-018        0.00        0.12 *
CD3OH2+        1.05E-018   7.66E-019        0.00        0.14 *
CHD2OHD+       2.21E-018   1.58E-018        0.00        0.15 *
CH2DOD2+       4.19E-019   2.91E-019        0.00        0.16 *
CD3OHD+        3.53E-020   2.41E-020        0.00        0.17 *
CHD2OD2+       8.38E-020   6.07E-020        0.00        0.14 *
CD3OD2+        1.07E-021   7.63E-022        0.00        0.15 *
OH-            2.21E-015   2.39E-015        1.08        0.03
OD-            1.87E-017   0.00E+000        0.00       83.27
H2DCO+         9.70E-015   5.23E-015        1.85        0.27
HD2CO+         7.53E-016   4.17E-016        1.81        0.26
D3CO+          2.41E-017   1.47E-017        0.00        0.21
CH3D           2.07E-009   1.65E-009        1.26        0.10 *
CH2D2          3.94E-010   3.33E-010        1.19        0.07 *
CHD3           5.91E-012   4.97E-012        1.19        0.08
CD4            8.84E-016   6.48E-017       13.65        1.14
C2H5+          1.98E-015   9.59E-016        2.07        0.32
C2H3+          4.07E-014   2.19E-014        1.86        0.27
C2H2D+         2.06E-015   1.17E-015        1.75        0.24
C2HD2+         2.02E-016   1.32E-016        1.52        0.18
C2D3+          2.90E-018   1.86E-018        0.00        0.19
CH4D+          2.18E-013   1.71E-013        1.28        0.11
CH3D2+         6.26E-014   5.18E-014        1.21        0.08
CH2D3+         1.44E-015   1.19E-015        1.21        0.08
CHD4+          2.18E-019   0.00E+000        0.00       81.34
CD5+           2.55E-021   0.00E+000        0.00       79.41
NH3            1.29E-008   1.48E-008        1.14        0.06 *
NH4+           2.81E-017   1.92E-017        0.00        0.17
NH2+           1.19E-014   1.23E-014        1.03        0.01
NH2D           3.86E-010   3.93E-010        1.02        0.01 *
NHD+           6.33E-018   2.61E-018        0.00        0.38
NHD2           6.68E-012   7.04E-012        1.05        0.02 *
ND2+           2.34E-019   4.68E-020        0.00        0.70
ND3            5.05E-014   4.75E-014        1.06        0.03 *
NH2            1.98E-010   1.91E-010        1.04        0.02
NHD            2.04E-012   1.62E-012        1.27        0.10
ND2            1.89E-014   1.62E-014        1.16        0.07
CH4N+          4.84E-015   0.00E+000    ********       85.68
H2NC+          8.41E-012   6.78E-012        1.24        0.09
HDNC+          1.69E-013   1.22E-013        1.39        0.14
D2NC+          1.47E-015   1.09E-015        1.35        0.13
NH3+           2.33E-012   2.34E-012        1.01        0.00
NH2D+          6.43E-015   5.63E-015        1.14        0.06
NHD2+          1.74E-016   1.56E-016        1.11        0.05
ND3+           2.56E-018   9.15E-018        0.00        0.55
NH3D+          5.68E-019   3.27E-019        0.00        0.24
NH2D2+         1.46E-020   8.76E-021        0.00        0.22
NHD3+          2.20E-022   1.17E-022        0.00        0.27
ND4+           1.45E-024   8.07E-025        0.00        0.25
CH3CN          1.10E-012   1.32E-012        1.21        0.08 *
CH3CNH+        1.65E-014   1.21E-014        1.36        0.13
CN             4.16E-010   4.35E-010        1.04        0.02
CH2DCN         1.06E-013   7.01E-014        1.52        0.18 *
CHD2CN         6.32E-015   3.72E-015        1.70        0.23 *
CD3CN          9.79E-017   6.03E-017        0.00        0.21 *
CH3CN+         9.61E-019   1.01E-018        0.00        0.02
CH2DCN+        7.80E-020   1.22E-020        0.00        0.81
CHD2CN+        9.69E-021   2.16E-022        0.00        1.65
CD3CN+         3.64E-022   6.18E-025        0.00        2.77
CH2DCNH+       7.23E-016   2.81E-016        2.58        0.41
CH3CND+        2.41E-016   9.36E-017        2.58        0.41
CHD2CNH+       4.32E-017   1.49E-017        0.00        0.46
CH2DCND+       4.32E-017   1.49E-017        0.00        0.46
CD3CNH+        6.83E-019   2.47E-019        0.00        0.44
CHD2CND+       2.05E-018   7.41E-019        0.00        0.44
CD3CND+        2.04E-020   6.29E-021        0.00        0.51
HCN            1.69E-009   2.05E-009        1.21        0.08 *
HCNH+          1.35E-011   9.67E-012        1.40        0.15
DCNH+          3.80E-013   2.54E-013        1.50        0.18
HCND+          3.80E-013   2.54E-013        1.50        0.18
DCN            4.43E-011   5.13E-011        1.16        0.06 *
DCND+          3.78E-014   2.89E-014        1.31        0.12
CNC+           1.25E-012   1.08E-012        1.16        0.06
CN+            2.61E-016   2.76E-016        1.05        0.02
HNC            2.13E-009   2.70E-009        1.27        0.10 *
DNC            4.66E-011   5.61E-011        1.20        0.08 *
C2N+           1.62E-012   1.46E-012        1.11        0.05
HN2+           7.95E-012   5.68E-012        1.40        0.15 *
N2             4.27E-007   4.05E-007        1.05        0.02
DN2+           3.33E-013   2.36E-013        1.41        0.15 *
N2+            6.37E-017   6.32E-017        0.00        0.00
H2S            1.02E-011   9.94E-012        1.02        0.01 *
H3S+           4.91E-014   2.93E-014        1.68        0.23
H2DS+          2.84E-015   1.54E-015        1.84        0.27
HDS            3.92E-013   3.57E-013        1.10        0.04 *
HD2S+          9.06E-017   5.89E-017        0.00        0.19
D2S            6.65E-015   8.40E-015        1.26        0.10
D3S+           2.99E-018   0.00E+000        0.00       82.48
S              1.61E-008   1.62E-008        1.00        0.00
S+             1.83E-011   1.68E-011        1.09        0.04
H2S+           7.53E-015   4.48E-015        1.68        0.23
HDS+           2.21E-016   1.12E-016        1.97        0.29
D2S+           3.01E-018   2.97E-017        0.00        0.99
H3CS+          5.01E-015   2.63E-015        1.90        0.28
H2DCS+         3.69E-016   1.92E-016        1.92        0.28
HD2CS+         3.59E-017   1.99E-017        0.00        0.26
D3CS+          9.40E-019   0.00E+000        0.00       81.97
HCS+           7.22E-014   4.92E-014        1.47        0.17
DCS+           9.30E-016   5.70E-016        1.63        0.21
HS+            1.45E-012   1.16E-012        1.25        0.10
DS+            6.81E-014   5.21E-014        1.31        0.12
HF             1.28E-009   1.32E-009        1.03        0.01 *
H2F+           1.83E-012   1.27E-012        1.45        0.16
HDF+           1.68E-013   1.15E-013        1.46        0.16
DF             9.79E-011   9.66E-011        1.01        0.01 *
D2F+           1.28E-014   0.00E+000    ********       86.11
F+             2.09E-017   3.46E-017        0.00        0.22
CF+            5.02E-012   3.63E-012        1.38        0.14
F              1.86E-008   1.86E-008        1.00        0.00
C2H            1.33E-010   1.01E-010        1.31        0.12 *
C3             8.54E-011   9.33E-011        1.09        0.04
C2D            2.51E-012   2.09E-012        1.20        0.08 *
CH             3.06E-011   3.09E-011        1.01        0.00
CD             4.52E-013   4.35E-013        1.04        0.02
C3H2           1.12E-010   1.06E-010        1.06        0.02 *
C4H            4.01E-012   3.56E-012        1.13        0.05
C3HD           4.60E-012   4.34E-012        1.06        0.02 *
C4D            3.06E-014   2.60E-014        1.18        0.07
C3D2           1.29E-013   1.34E-013        1.04        0.02
C3H3+          1.31E-013   7.23E-014        1.82        0.26
C3H2D+         7.81E-015   4.07E-015        1.92        0.28
C3HD2+         4.23E-016   2.44E-016        1.74        0.24
C3D3+          1.29E-017   7.73E-018        0.00        0.22
HCOOH          4.97E-010   4.15E-010        1.20        0.08 *
DCOOH          1.74E-011   1.31E-011        1.33        0.12 *
HCOOD          1.74E-011   1.31E-011        1.33        0.12 *
DCOOD          6.66E-013   4.64E-013        1.44        0.16 *
HCOOH2+        1.22E-012   6.10E-013        1.99        0.30
DCOOH2+        4.24E-014   1.89E-014        2.25        0.35
HCOOHD+        8.50E-014   3.78E-014        2.25        0.35
DCOOHD+        3.22E-015   1.32E-015        2.43        0.39
HCOOD2+        1.60E-015   6.59E-016        2.43        0.39
DCOOD2+        7.95E-017   3.23E-017        0.00        0.39
C2H2D2+        6.55E-017   4.87E-017        0.00        0.13
C2HD3+         1.43E-020   2.29E-016        0.00        4.21
C2D4+          5.72E-022   8.45E-016        0.00        6.17
Fe             1.63E-010   2.33E-010        1.43        0.16
Fe+            2.84E-009   2.77E-009        1.03        0.01
HeH+           1.38E-014   1.38E-014        1.00        0.00
HeD+           2.43E-019   0.00E+000        0.00       81.38
C2O            9.77E-015   5.56E-015        1.76        0.24
OCN            3.34E-007   3.49E-007        1.05        0.02
C2             1.52E-012   1.79E-012        1.17        0.07
Si             2.12E-011   1.41E-011        1.50        0.18
Si+            3.26E-011   2.43E-011        1.34        0.13
C2H4+          3.57E-014   2.13E-014        1.68        0.22
C2H3D+         1.70E-015   1.05E-015        1.62        0.21
Mg             3.29E-010   5.29E-010        1.61        0.21
Mg+            2.67E-009   2.47E-009        1.08        0.03
Na             1.59E-010   2.58E-010        1.62        0.21
Na+            2.84E-009   2.74E-009        1.04        0.02
P              2.57E-009   2.56E-009        1.00        0.00
P+             9.95E-013   1.02E-012        1.02        0.01
C2H2           1.65E-009   1.42E-009        1.16        0.07
C2HD           5.45E-011   4.89E-011        1.11        0.05
C2D2           2.26E-012   2.37E-012        1.05        0.02
O+             3.48E-014   3.39E-014        1.03        0.01
N+             1.83E-011   1.89E-011        1.03        0.01
C2NH+          4.55E-015   3.26E-015        1.40        0.15
C2ND+          7.61E-017   5.24E-017        0.00        0.16
NH+            2.48E-015   2.56E-015        1.03        0.01
ND+            9.08E-020   1.92E-012        0.00        7.32
NO+            1.14E-009   7.66E-010        1.49        0.17
O-             5.96E-018   0.00E+000        0.00       82.78
C2H4D+         4.68E-017   1.87E-017        0.00        0.40
C2H3D2+        3.32E-018   1.56E-018        0.00        0.33
C2H2D3+        1.79E-019   8.15E-020        0.00        0.34
C2HD4+         2.81E-021   3.45E-021        0.00        0.09
C2D5+          1.06E-023   1.93E-016        0.00        7.26
C2H3           6.81E-014   5.58E-014        1.22        0.09
C2H2D          2.36E-015   2.02E-015        1.17        0.07
C2HD2          6.00E-017   6.11E-017        0.00        0.01
C2D3           5.30E-020   5.48E-014        0.00        6.02
C2H4           9.28E-012   7.65E-012        1.21        0.08
C2H3D          4.11E-013   3.86E-013        1.07        0.03
C2H2D2         4.59E-014   4.68E-014        1.02        0.01
C2HD3          8.67E-016   8.71E-016        1.01        0.00
C2D4           3.47E-018   3.79E-018        0.00        0.04
C3H2+          1.40E-014   8.13E-015        1.72        0.24
C3HD+          4.45E-016   2.38E-016        1.87        0.27
C3D2+          1.35E-017   7.67E-018        0.00        0.25
C3H+           2.07E-016   1.75E-016        1.18        0.07
C3D+           4.32E-018   3.71E-018        0.00        0.07
HC2O+          2.13E-015   8.76E-016        2.44        0.39
DC2O+          4.11E-017   1.81E-017        0.00        0.36
HNO            4.18E-009   3.18E-009        1.31        0.12
DNO            1.65E-010   1.22E-010        1.36        0.13
CH3DN+         2.07E-018   0.00E+000        0.00       82.32
CH2D2N+        2.00E-019   0.00E+000        0.00       81.30
CHD3N+         2.91E-021   0.00E+000        0.00       79.46
CD4N+          1.40E-023   0.00E+000        0.00       77.15
CH2CN          5.19E-012   5.66E-012        1.09        0.04
CHDCN          1.66E-013   9.57E-014        1.73        0.24
CD2CN          4.83E-015   2.56E-015        1.89        0.28
HCN+           3.56E-016   3.68E-016        1.03        0.01
DCN+           1.53E-018   1.55E-018        0.00        0.00
HS             2.65E-012   2.11E-012        1.25        0.10
DS             1.15E-013   8.75E-014        1.32        0.12
HCS            5.15E-015   4.42E-015        1.17        0.07
DCS            7.68E-017   6.38E-017        0.00        0.08
NS+            4.68E-016   3.10E-016        1.51        0.18
SO+            1.81E-012   1.15E-012        1.58        0.20
CS             5.12E-011   5.72E-011        1.12        0.05
H2CS           4.11E-012   3.78E-012        1.09        0.04
HDCS           1.80E-013   1.58E-013        1.14        0.06
D2CS           8.88E-015   8.24E-015        1.08        0.03
OCS            1.63E-010   1.71E-010        1.05        0.02
OCS+           5.65E-015   4.16E-015        1.36        0.13
CS+            4.89E-017   4.77E-017        0.00        0.01
HF+            6.10E-018   0.00E+000        0.00       82.79
DF+            1.08E-022   0.00E+000        0.00       78.03
C5             7.09E-012   5.41E-012        1.31        0.12
C3H            6.72E-012   6.01E-012        1.12        0.05
C3D            8.60E-014   8.04E-014        1.07        0.03
C4H2+          4.22E-014   3.00E-014        1.40        0.15
C4HD+          4.32E-016   2.92E-016        1.48        0.17
C4D2+          1.01E-017   6.45E-018        0.00        0.19
C5H+           2.11E-015   1.10E-015        1.92        0.28
C5D+           2.63E-017   1.37E-017        0.00        0.28
C4H+           3.84E-017   3.53E-017        0.00        0.04
C4D+           3.82E-019   3.55E-019        0.00        0.03
H2C3H+         2.11E-013   1.39E-013        1.52        0.18
HDC3H+         3.30E-015   2.00E-015        1.65        0.22
H2C3D+         1.64E-015   9.73E-016        1.69        0.23
D2C3H+         1.57E-017   1.06E-017        0.00        0.17
HDC3D+         3.13E-017   2.13E-017        0.00        0.17
D2C3D+         1.23E-018   9.08E-019        0.00        0.13
SiH+           9.26E-016   4.90E-016        1.89        0.28
SiD+           4.04E-017   2.03E-017        0.00        0.30
SiOH+          4.73E-012   2.18E-012        2.17        0.34
SiOD+          1.61E-013   7.00E-014        2.30        0.36
SiH2+          4.22E-016   2.39E-016        1.76        0.25
SiHD+          2.49E-020   9.08E-015        0.00        5.56
SiD2+          4.47E-021   0.00E+000        0.00       79.65
HCSi+          1.79E-020   5.94E-022        0.00        1.48
DCSi+          7.67E-023   4.08E-026        0.00        3.27
PH+            2.61E-013   1.81E-013        1.44        0.16
PD+            1.47E-014   9.30E-015        1.58        0.20
HPO+           2.87E-013   1.59E-013        1.81        0.26
DPO+           1.20E-014   6.09E-015        1.98        0.30
PCH2+          1.56E-015   8.51E-016        1.83        0.26
PCHD+          7.34E-017   3.77E-017        0.00        0.29
PCD2+          3.15E-018   1.77E-018        0.00        0.25
PO+            9.85E-013   5.89E-013        1.67        0.22
PH2+           6.01E-015   4.27E-015        1.41        0.15
PHD+           2.89E-017   1.86E-012        0.00        4.81
PD2+           1.55E-018   0.00E+000        0.00       82.19
C2N            9.76E-013   9.30E-013        1.05        0.02
CH2CO          2.07E-011   2.11E-011        1.02        0.01
CHDCO          7.93E-013   7.59E-013        1.04        0.02
CD2CO          3.14E-014   3.41E-014        1.09        0.04
C3H3           2.32E-013   2.11E-013        1.10        0.04
C3H2D          1.33E-014   1.30E-014        1.03        0.01
C3HD2          7.55E-016   7.87E-016        1.04        0.02
C3D3           9.14E-018   2.25E-017        0.00        0.39
C4+            1.10E-017   9.88E-018        0.00        0.05
HC3N           7.73E-013   7.93E-013        1.03        0.01
DC3N           1.96E-014   2.07E-014        1.06        0.02
NS             5.47E-014   5.41E-014        1.01        0.00
HOCS+          2.10E-014   1.33E-014        1.58        0.20
DOCS+          1.13E-015   6.41E-016        1.77        0.25
C4             1.26E-014   1.28E-014        1.02        0.01
C3+            3.27E-018   2.57E-018        0.00        0.11
C5+            1.77E-019   1.55E-019        0.00        0.06
C6+            8.68E-019   1.39E-016        0.00        2.20
C5N+           8.37E-024   3.12E-009        0.00       14.57
SiO+           7.47E-017   5.63E-017        0.00        0.12
SiC+           1.42E-020   5.81E-010        0.00       10.61
SiN+           1.33E-015   8.82E-016        1.51        0.18
SiO            2.89E-009   2.33E-009        1.24        0.09
SiCH2+         1.18E-016   1.01E-017       11.73        1.07
SiCHD+         6.11E-019   1.75E-019        0.00        0.54
SiCD2+         1.81E-020   0.00E+000        0.00       80.26
PH             1.87E-012   1.45E-012        1.29        0.11
PD             7.63E-014   5.41E-014        1.41        0.15
PO             3.90E-010   3.81E-010        1.02        0.01
CP             2.76E-014   2.05E-014        1.35        0.13
HCP            3.58E-012   3.31E-012        1.08        0.03
DCP            8.96E-014   7.59E-014        1.18        0.07
CH3CO+         4.16E-014   2.47E-014        1.68        0.23
CH2DCO+        2.38E-015   1.29E-015        1.86        0.27
CHD2CO+        2.15E-016   1.32E-016        1.63        0.21
CD3CO+         4.71E-018   2.85E-018        0.00        0.22
CH2CO+         5.54E-015   3.93E-015        1.41        0.15
CHDCO+         2.12E-016   1.42E-016        1.50        0.18
CD2CO+         8.38E-018   6.36E-018        0.00        0.12
H2CCCC         4.81E-011   3.60E-011        1.34        0.13
HDCCCC         1.17E-012   8.68E-013        1.35        0.13
D2CCCC         3.51E-014   2.71E-014        1.29        0.11
CH3CCH+        2.10E-017   1.08E-017        0.00        0.29
CH2DCCH+       6.99E-019   3.41E-019        0.00        0.31
CH3CCD+        2.33E-019   1.14E-019        0.00        0.31
CHD2CCH+       2.66E-020   1.35E-020        0.00        0.30
CH2DCCD+       2.66E-020   1.36E-020        0.00        0.29
CD3CCH+        4.85E-022   4.42E-022        0.00        0.04
CHD2CCD+       1.45E-021   4.09E-021        0.00        0.45
CD3CCD+        1.99E-023   2.63E-023        0.00        0.12
C3H5+          1.01E-017   3.27E-018        0.00        0.49
C3H4D+         6.86E-020   0.00E+000        0.00       80.84
C3H3D2+        5.04E-022   0.00E+000        0.00       78.70
C3H2D3+        2.70E-024   0.00E+000        0.00       76.43
C3HD4+         9.45E-027   0.00E+000        0.00       73.98
C3D5+          1.61E-029   0.00E+000        0.00       71.21
HC3NH+         6.43E-016   3.83E-016        1.68        0.23
DC3NH+         1.21E-017   7.98E-018        0.00        0.18
HC3ND+         1.21E-017   7.98E-018        0.00        0.18
DC3ND+         1.77E-018   1.23E-018        0.00        0.16
C3N+           1.84E-021   1.88E-021        0.00        0.01
CH3C3NH+       5.25E-018   1.37E-019        0.00        1.58
CH2DC3NH+      2.78E-020   4.59E-021        0.00        0.78
CH3C3ND+       9.28E-021   1.53E-021        0.00        0.78
CHD2C3NH+      5.28E-022   3.31E-022        0.00        0.20
CH2DC3ND+      5.28E-022   3.31E-022        0.00        0.20
CD3C3NH+       8.45E-024   0.00E+000        0.00       76.93
CHD2C3ND+      2.53E-023   0.00E+000        0.00       77.40
CD3C3ND+       2.85E-025   0.00E+000        0.00       75.46
C4N+           1.28E-018   1.31E-018        0.00        0.01
C6H+           2.96E-017   5.86E-018        0.00        0.70
HC5N+          6.92E-022   1.37E-010        0.00       11.30
HCSi           3.50E-015   4.72E-016        7.43        0.87
DCSi           1.35E-017   5.33E-018        0.00        0.40
SiH            3.36E-015   2.24E-015        1.50        0.18
SiD            8.73E-018   4.09E-018        0.00        0.33
SiC2+          6.43E-021   3.61E-021        0.00        0.25
SiC2H+         3.55E-016   1.55E-016        2.29        0.36
SiC2D+         5.42E-018   2.46E-018        0.00        0.34
PN             3.55E-011   4.50E-011        1.27        0.10
CCP+           8.21E-017   5.33E-017        0.00        0.19
HCP+           9.73E-021   8.58E-021        0.00        0.05
DCP+           2.41E-022   2.63E-022        0.00        0.04
C5H            1.57E-013   1.06E-013        1.49        0.17
C5D            2.94E-014   2.24E-014        1.31        0.12
C4H3+          1.56E-014   7.38E-015        2.11        0.32
C4H2D+         4.58E-016   2.21E-016        2.08        0.32
C4HD2+         3.38E-017   1.64E-017        0.00        0.31
C4D3+          1.09E-018   5.39E-019        0.00        0.31
HC3N+          1.23E-018   1.03E-018        0.00        0.08
DC3N+          1.58E-020   1.19E-020        0.00        0.12
H3C5N+         4.57E-022   1.34E-010        0.00       11.47
CH3C3N+        1.11E-021   0.00E+000        0.00       79.05
CH2DC3N+       9.66E-024   0.00E+000        0.00       76.99
CHD2C3N+       7.16E-027   0.00E+000        0.00       73.86
CD3C3N+        2.77E-029   0.00E+000        0.00       71.44
C6H2+          1.10E-016   1.76E-018       62.70        1.80
H2C5N+         1.26E-016   0.00E+000    ********       84.10
SiN            5.48E-013   4.33E-013        1.27        0.10
SiC            5.80E-015   3.43E-015        1.69        0.23
SiC3+          3.04E-017   1.40E-017        0.00        0.34
SiC2H3+        4.93E-017   1.51E-017        0.00        0.51
SiC2H2D+       2.10E-018   5.83E-019        0.00        0.56
SiC2HD2+       1.00E-019   6.43E-021        0.00        1.19
SiC2D3+        3.07E-021   0.00E+000        0.00       79.49
SiC2           1.30E-014   8.29E-015        1.57        0.20
HPN+           3.56E-014   2.45E-014        1.46        0.16
DPN+           1.60E-015   1.02E-015        1.57        0.20
CCP            4.37E-015   3.51E-015        1.25        0.10
CP+            1.90E-022   6.53E-012        0.00       10.54
C6             2.79E-015   8.71E-018      320.71        2.51
C5H2+          3.39E-016   1.37E-016        2.48        0.39
C5HD+          2.63E-017   1.31E-017        0.00        0.30
C5D2+          1.73E-018   8.54E-019        0.00        0.31
C5N            1.69E-015   1.43E-017      118.15        2.07
HC5N           2.17E-014   1.77E-008    ********        5.91
H2C4N+         1.11E-021   0.00E+000        0.00       79.04
HDC4N+         1.29E-023   0.00E+000        0.00       77.11
D2C4N+         4.41E-027   0.00E+000        0.00       73.64
C7+            1.02E-020   0.00E+000        0.00       80.01
C7H+           1.61E-017   0.00E+000        0.00       83.21
C6H            1.56E-014   1.22E-016      128.20        2.11
SiC3H2+        1.31E-018   6.00E-019        0.00        0.34
SiC3HD+        4.59E-020   2.06E-020        0.00        0.35
SiC3D2+        2.01E-021   0.00E+000        0.00       79.30
SiC2H          1.70E-014   9.16E-015        1.85        0.27
SiC2D          3.87E-016   1.72E-016        2.25        0.35
SiC2H2         1.26E-014   6.42E-015        1.96        0.29
SiC2HD         3.67E-016   1.68E-016        2.18        0.34
SiC2D2         9.20E-018   0.00E+000        0.00       82.96
SiCH4+         2.96E-018   1.13E-018        0.00        0.42
SiCH3D+        1.68E-019   6.06E-020        0.00        0.44
SiCH2D2+       2.49E-020   0.00E+000        0.00       80.40
SiCHD3+        5.48E-022   0.00E+000        0.00       78.74
SiCD4+         2.46E-024   0.00E+000        0.00       76.39
SiC2H2+        3.77E-017   1.16E-017        0.00        0.51
SiC2HD+        2.38E-018   5.94E-019        0.00        0.60
SiC2D2+        8.61E-020   8.75E-021        0.00        0.99
HC2P+          4.42E-017   2.67E-017        0.00        0.22
DC2P+          8.98E-019   0.00E+000        0.00       81.95
PC3H+          7.07E-019   2.90E-019        0.00        0.39
PC3D+          1.16E-020   0.00E+000        0.00       80.06
C4N            1.49E-014   3.31E-015        4.51        0.65
CH3C5NH+       5.46E-021   0.00E+000        0.00       79.74
HC4N+          1.10E-021   0.00E+000        0.00       79.04
DC4N+          1.92E-023   0.00E+000        0.00       77.28
C8+            1.09E-019   0.00E+000        0.00       81.04
C7             1.07E-013   0.00E+000    ********       87.03
SiC4H+         3.76E-021   1.24E-021        0.00        0.48
SiC4D+         2.38E-023   2.14E-025        0.00        2.05
SiC3           6.00E-015   4.13E-015        1.45        0.16
SiC3H          3.39E-016   2.60E-016        1.30        0.11
SiC3D          1.13E-017   6.96E-018        0.00        0.21
SiC3H+         4.17E-016   2.07E-016        2.01        0.30
SiC3D+         8.60E-018   4.24E-018        0.00        0.31
SiCH2          1.41E-014   9.37E-015        1.50        0.18
SiCHD          5.75E-016   3.22E-016        1.79        0.25
SiCD2          2.36E-017   0.00E+000        0.00       83.37
SiCH3          2.95E-015   1.92E-015        1.54        0.19
SiCH2D         2.23E-016   1.28E-016        1.75        0.24
SiCHD2         2.08E-017   0.00E+000        0.00       83.32
SiCD3          2.26E-019   0.00E+000        0.00       81.35
HC2P           1.21E-016   6.88E-017        1.77        0.25
DC2P           3.47E-018   0.00E+000        0.00       82.54
C3P            2.71E-017   1.80E-017        0.00        0.18
C3N            6.54E-015   4.33E-015        1.51        0.18
H3C7N+         1.83E-021   0.00E+000        0.00       79.26
CH3C5N         1.48E-018   0.00E+000        0.00       82.17
C8H+           5.30E-022   0.00E+000        0.00       78.72
SiC4           5.22E-020   2.37E-020        0.00        0.34
SiC4+          1.40E-017   6.58E-018        0.00        0.33
SiCH3+         3.95E-018   1.49E-018        0.00        0.42
SiCH2D+        3.62E-019   1.22E-019        0.00        0.47
SiCHD2+        2.57E-020   4.48E-021        0.00        0.76
SiCD3+         8.16E-022   0.00E+000        0.00       78.91
C7N            1.95E-018   0.00E+000        0.00       82.29
HC7N           3.15E-017   0.00E+000        0.00       83.50
C8H2+          1.50E-018   0.00E+000        0.00       82.18
HC7N+          1.67E-022   0.00E+000        0.00       78.22
H2C7N+         3.96E-020   0.00E+000        0.00       80.60
CH3C7NH+       7.98E-024   0.00E+000        0.00       76.90
C9+            2.02E-022   0.00E+000        0.00       78.30
C9H+           4.57E-020   0.00E+000        0.00       80.66
C7H            4.28E-016   0.00E+000    ********       84.63
C8             2.94E-017   0.00E+000        0.00       83.47
C8H            1.63E-016   0.00E+000    ********       84.21
C7N+           6.38E-026   0.00E+000        0.00       74.80
H3C9N+         5.11E-023   0.00E+000        0.00       77.71
CH3C7N         2.08E-021   0.00E+000        0.00       79.32
C10+           4.67E-021   0.00E+000        0.00       79.67
C9             3.14E-016   0.00E+000    ********       84.50
C9N            6.07E-021   0.00E+000        0.00       79.78
HC9N           5.87E-020   0.00E+000        0.00       80.77
HC9N+          4.40E-025   0.00E+000        0.00       75.64
H2C9N+         8.01E-023   0.00E+000        0.00       77.90
C9N+           1.81E-028   0.00E+000        0.00       72.26
CH4+           1.07E-015   8.00E-016        1.33        0.13
CO2+           5.19E-017   2.76E-017        0.00        0.27
CH3CHO         5.25E-012   3.70E-012        1.42        0.15
CH3D+          8.18E-009   7.60E-009        1.08        0.03
CH2D2+         6.15E-010   5.56E-010        1.11        0.04
CHD3+          8.31E-012   7.86E-012        1.06        0.02
CD4+           5.89E-016   0.00E+000    ********       84.77
C2S+           2.85E-020   2.41E-020        0.00        0.07
C3S+           4.40E-017   2.73E-017        0.00        0.21
H2CS+          1.20E-016   7.24E-017        1.65        0.22
HDCS+          3.72E-018   2.16E-018        0.00        0.24
D2CS+          1.05E-019   0.00E+000        0.00       81.02
SO             3.08E-009   3.00E-009        1.03        0.01
CH3CCH         8.24E-015   4.41E-015        1.87        0.27
CH2DCCH        4.66E-017   0.00E+000        0.00       83.67
CH3CCD         1.55E-017   0.00E+000        0.00       83.19
CHD2CCH        1.71E-019   0.00E+000        0.00       81.23
CH2DCCD        1.71E-019   0.00E+000        0.00       81.23
CD3CCH         3.07E-022   0.00E+000        0.00       78.49
CHD2CCD        9.21E-022   0.00E+000        0.00       78.96
CD3CCD         2.15E-024   0.00E+000        0.00       76.33
CH3C3N         4.17E-015   1.71E-016       24.36        1.39
CH2DC3N        5.49E-016   1.34E-016        4.09        0.61
CHD2C3N        1.07E-017   9.01E-018        0.00        0.07
CD3C3N         1.69E-019   0.00E+000        0.00       81.23
C4P            6.80E-017   4.78E-017        0.00        0.15
H2CCC          3.35E-012   3.30E-012        1.02        0.01
HDCCC          5.23E-014   5.23E-014        1.00        0.00
D2CCC          2.67E-016   3.04E-016        1.14        0.06
PC4H+          2.70E-018   1.35E-018        0.00        0.30
PC4D+          1.49E-020   0.00E+000        0.00       80.17
C7H5+          2.89E-019   0.00E+000        0.00       81.46
C6H3+          1.97E-017   1.37E-017        0.00        0.16
C9H4+          3.20E-022   0.00E+000        0.00       78.50
C8H3+          3.80E-020   0.00E+000        0.00       80.58
CH3CHOH+       5.39E-014   2.25E-014        2.39        0.38
CH2DCHO        5.20E-013   3.79E-013        1.37        0.14
CH3CDO         1.73E-013   1.27E-013        1.37        0.14
CHD2CHO        1.87E-014   1.48E-014        1.27        0.10
CH2DCDO        1.87E-014   1.47E-014        1.27        0.10
CD3CHO         2.29E-016   1.81E-016        1.27        0.10
CHD2CDO        6.88E-016   5.36E-016        1.28        0.11
CD3CDO         1.19E-017   0.00E+000        0.00       83.08
CH3CHO+        2.26E-015   1.12E-015        2.01        0.30
CH2DCHO+       2.19E-016   1.13E-016        1.94        0.29
CH3CDO+        7.33E-017   3.77E-017        0.00        0.29
CHD2CHO+       7.77E-018   4.31E-018        0.00        0.26
CH2DCDO+       7.77E-018   4.31E-018        0.00        0.26
CD3CHO+        9.37E-020   1.14E-013        0.00        6.08
CHD2CDO+       2.80E-019   3.54E-013        0.00        6.10
CD3CDO+        4.76E-021   0.00E+000        0.00       79.68
CH2DCHOH+      2.40E-015   9.90E-016        2.43        0.39
CH3CDOH+       8.02E-016   3.30E-016        2.43        0.39
CH3CHOD+       8.02E-016   3.30E-016        2.43        0.39
CHD2CHOH+      8.68E-017   3.86E-017        0.00        0.35
CH2DCDOH+      8.68E-017   3.86E-017        0.00        0.35
CH2DCHOD+      8.68E-017   3.86E-017        0.00        0.35
CH3CDOD+       2.89E-017   1.29E-017        0.00        0.35
CD3CHOH+       1.05E-018   4.72E-019        0.00        0.35
CHD2CDOH+      3.14E-018   1.42E-018        0.00        0.35
CHD2CHOD+      3.14E-018   1.42E-018        0.00        0.35
CH2DCDOD+      3.14E-018   1.42E-018        0.00        0.35
CD3CDOH+       5.37E-020   0.00E+000        0.00       80.73
CD3CHOD+       5.37E-020   0.00E+000        0.00       80.73
CHD2CDOD+      1.61E-019   3.10E-020        0.00        0.72
CD3CDOD+       3.38E-021   0.00E+000        0.00       79.53
HC2S+          2.55E-015   1.30E-015        1.96        0.29
DC2S+          8.64E-017   3.92E-017        0.00        0.34
C2S            1.69E-012   1.51E-012        1.12        0.05
HSO+           3.85E-012   2.29E-012        1.68        0.23
DSO+           2.03E-013   1.11E-013        1.84        0.26
C4H3           5.76E-013   2.75E-013        2.10        0.32
C4H2D          1.77E-014   8.59E-015        2.06        0.31
C4HD2          7.44E-016   3.66E-016        2.03        0.31
C4D3           1.35E-017   0.00E+000        0.00       83.13
C4H5+          5.15E-019   2.50E-019        0.00        0.31
C4H4D+         0.00E+000   0.00E+000        0.00        -Inf
C4H3D2+        0.00E+000   0.00E+000        0.00        -Inf
C4H2D3+        0.00E+000   0.00E+000        0.00        -Inf
C4HD4+         0.00E+000   0.00E+000        0.00        -Inf
C4D5+          0.00E+000   0.00E+000        0.00        -Inf
C7H2           5.78E-016   0.00E+000    ********       84.76
CH3C6H         4.51E-016   0.00E+000    ********       84.65
C6H2           5.75E-014   3.63E-008    ********        5.80
C7H2+          3.39E-019   3.77E-012        0.00        7.05
C5H2           6.18E-014   4.80E-014        1.29        0.11
C9H            6.48E-019   0.00E+000        0.00       81.81
C9H2           2.06E-018   0.00E+000        0.00       82.31
C8H2           6.70E-017   0.00E+000        0.00       83.83
C9H2+          1.39E-021   0.00E+000        0.00       79.14
C2+            9.60E-019   8.58E-019        0.00        0.05
HC3S+          5.72E-016   2.99E-016        1.91        0.28
DC3S+          9.84E-018   5.27E-018        0.00        0.27
HC4S+          3.51E-017   1.61E-017        0.00        0.34
DC4S+          3.33E-019   1.52E-019        0.00        0.34
C5HD           5.61E-015   4.13E-015        1.36        0.13
C5D2           1.83E-016   1.40E-016        1.31        0.12
C7H3+          6.56E-019   0.00E+000        0.00       81.82
CH3C6H+        8.92E-020   0.00E+000        0.00       80.95
C6H4+          1.64E-018   1.27E-008        0.00        9.89
CH3C4H         1.75E-014   9.47E-015        1.85        0.27
C5H5+          9.10E-018   3.15E-018        0.00        0.46
C5H4D+         0.00E+000   0.00E+000        0.00        -Inf
C5H3D2+        0.00E+000   0.00E+000        0.00        -Inf
C5H2D3+        0.00E+000   0.00E+000        0.00        -Inf
C5HD4+         0.00E+000   0.00E+000        0.00        -Inf
C5D5+          0.00E+000   0.00E+000        0.00        -Inf
CH3C4H+        1.83E-018   7.04E-019        0.00        0.41
CH2DC4H+       6.81E-021   2.50E-021        0.00        0.44
CH3C4D+        2.27E-021   8.33E-022        0.00        0.44
CHD2C4H+       2.98E-022   0.00E+000        0.00       78.47
CH2DC4D+       2.98E-022   0.00E+000        0.00       78.47
CD3C4H+        4.02E-024   0.00E+000        0.00       76.60
CHD2C4D+       1.21E-023   0.00E+000        0.00       77.08
CD3C4D+        2.05E-025   0.00E+000        0.00       75.31
C5H3+          3.90E-017   1.72E-017        0.00        0.35
C5H2D+         2.06E-018   1.03E-018        0.00        0.30
C5HD2+         2.21E-019   1.14E-019        0.00        0.29
C5D3+          1.04E-020   5.39E-021        0.00        0.28
C10            1.09E-022   0.00E+000        0.00       78.04
C9H3+          2.58E-021   0.00E+000        0.00       79.41
C8H4+          1.82E-021   0.00E+000        0.00       79.26
C3S            2.33E-013   2.12E-013        1.10        0.04
C4S            9.02E-015   7.08E-015        1.27        0.10
CH2DC4H        0.00E+000   0.00E+000        0.00        -Inf
CH3C4D         0.00E+000   0.00E+000        0.00        -Inf
CHD2C4H        0.00E+000   0.00E+000        0.00        -Inf
CH2DC4D        0.00E+000   0.00E+000        0.00        -Inf
CD3C4H         0.00E+000   0.00E+000        0.00        -Inf
CHD2C4D        0.00E+000   0.00E+000        0.00        -Inf
CD3C4D         0.00E+000   0.00E+000        0.00        -Inf
C4S+           8.94E-018   5.11E-018        0.00        0.24
NH2CN          9.61E-010   1.43E-009        1.49        0.17
NHDCN          4.27E-011   5.76E-011        1.35        0.13
ND2CN          1.18E-012   1.83E-012        1.54        0.19
H2CN           3.58E-016   3.50E-016        1.02        0.01
HDCN           8.14E-018   8.16E-018        0.00        0.00
D2CN           4.66E-019   4.83E-019        0.00        0.02
SiNC+          1.10E-014   7.72E-015        1.42        0.15
SiH3+          5.90E-018   2.38E-018        0.00        0.39
SiH2D+         2.58E-019   0.00E+000        0.00       81.41
SiHD2+         5.55E-023   0.00E+000        0.00       77.74
SiD3+          2.22E-024   0.00E+000        0.00       76.35
NH2CNH+        1.83E-013   1.55E-013        1.18        0.07
NHDCNH+        1.27E-014   9.60E-015        1.32        0.12
NH2CND+        6.32E-015   4.79E-015        1.32        0.12
ND2CNH+        4.13E-016   3.54E-016        1.17        0.07
NHDCND+        8.26E-016   7.11E-016        1.16        0.06
ND2CND+        3.99E-017   3.65E-017        0.00        0.04
H2SiO+         1.04E-018   3.02E-019        0.00        0.54
HDSiO+         2.99E-020   0.00E+000        0.00       80.47
D2SiO+         3.61E-024   0.00E+000        0.00       76.56
SiH2           1.72E-017   9.41E-018        0.00        0.26
SiHD           4.94E-019   0.00E+000        0.00       81.69
SiD2           5.95E-023   0.00E+000        0.00       77.77
S2+            7.71E-017   5.45E-017        0.00        0.15
SiNH2+         4.71E-014   2.71E-014        1.74        0.24
SiNHD+         1.74E-015   8.79E-016        1.98        0.30
SiND2+         4.59E-017   7.76E-018        0.00        0.77
CH2CN+         3.01E-015   2.29E-015        1.31        0.12
CHDCN+         9.18E-017   3.80E-017        0.00        0.38
CD2CN+         2.73E-018   1.09E-018        0.00        0.40
SiNCH+         1.29E-018   7.54E-019        0.00        0.23
SiNCD+         3.35E-020   4.58E-021        0.00        0.86
PC2H2+         1.15E-017   4.85E-018        0.00        0.38
PC2HD+         6.73E-019   0.00E+000        0.00       81.83
PC2D2+         1.26E-020   0.00E+000        0.00       80.10
HNSi           4.98E-011   5.06E-011        1.02        0.01
DNSi           9.51E-013   8.35E-013        1.14        0.06
SiNC           6.08E-017   5.36E-017        0.00        0.06
NCCN           1.47E-011   2.12E-011        1.44        0.16
SiF+           4.02E-014   2.18E-014        1.85        0.27
C4H4+          1.60E-016   4.71E-017        3.40        0.53
C4H3D+         1.57E-018   5.39E-019        0.00        0.47
C4H2D2+        9.78E-020   3.39E-020        0.00        0.46
C4HD3+         3.65E-021   1.30E-021        0.00        0.45
C4D4+          2.90E-023   0.00E+000        0.00       77.46
C6H7+          1.13E-019   0.00E+000        0.00       81.05
C6H6           3.86E-016   0.00E+000    ********       84.59
C6H5+          4.01E-022   3.34E-010        0.00       11.92
C6H6+          8.74E-020   0.00E+000        0.00       80.94
HNO+           7.34E-010   5.56E-010        1.32        0.12
DNO+           3.17E-011   2.39E-011        1.33        0.12
C3O            3.01E-012   2.49E-012        1.21        0.08
C2H5OH2+       2.20E-016   8.49E-017        2.58        0.41
SO2            5.22E-010   5.10E-010        1.02        0.01
PH3+           7.00E-015   3.44E-015        2.04        0.31
PH2D+          3.94E-016   1.77E-016        2.23        0.35
PHD2+          6.73E-020   0.00E+000        0.00       80.83
PD3+           3.39E-021   0.00E+000        0.00       79.53
C8H5+          7.04E-021   0.00E+000        0.00       79.85
S2             3.57E-015   2.72E-015        1.31        0.12
NCCNH+         1.75E-015   1.52E-015        1.15        0.06
NCCND+         4.32E-017   4.25E-017        0.00        0.01
HC3O+          5.88E-015   2.60E-015        2.27        0.36
DC3O+          8.45E-017   4.50E-017        0.00        0.27
C3O+           3.58E-020   0.00E+000        0.00       80.55
C2H5OH         3.12E-014   2.02E-014        1.54        0.19
HSO2+          1.54E-013   1.04E-013        1.47        0.17
DSO2+          5.62E-015   3.79E-015        1.48        0.17
SO2+           6.92E-017   6.76E-017        0.00        0.01
PH2            2.93E-014   1.97E-014        1.49        0.17
PHD            1.08E-015   6.65E-016        1.63        0.21
PD2            1.40E-019   0.00E+000        0.00       81.14
C2H5OH+        1.44E-017   6.61E-018        0.00        0.34
C2H5           7.76E-017   4.86E-017        0.00        0.20
HPO            8.65E-014   6.06E-014        1.43        0.15
DPO            1.81E-015   1.17E-015        1.55        0.19
C2H4D          0.00E+000   0.00E+000        0.00        -Inf
C2H3D2         0.00E+000   0.00E+000        0.00        -Inf
C2H2D3         0.00E+000   0.00E+000        0.00        -Inf
C2HD4          0.00E+000   0.00E+000        0.00        -Inf
C2D5           0.00E+000   0.00E+000        0.00        -Inf
H2PO+          1.75E-015   9.48E-016        1.84        0.27
HDPO+          9.51E-017   4.75E-017        0.00        0.30
D2PO+          1.48E-018   0.00E+000        0.00       82.17
PCH3+          9.68E-017   3.58E-017        0.00        0.43
PCH2D+         7.19E-018   0.00E+000        0.00       82.86
PCHD2+         4.46E-019   0.00E+000        0.00       81.65
PCD3+          7.71E-021   0.00E+000        0.00       79.89
H3C3O+         5.50E-016   2.08E-016        2.64        0.42
H2DC3O+        2.78E-017   0.00E+000        0.00       83.44
HD2C3O+        2.73E-018   0.00E+000        0.00       82.44
D3C3O+         3.92E-020   0.00E+000        0.00       80.59
HNSi+          4.51E-020   2.23E-020        0.00        0.31
DNSi+          1.46E-021   0.00E+000        0.00       79.17
C2N2+          0.00E+000   0.00E+000        0.00        -Inf
SiH4           0.00E+000   0.00E+000        0.00        -Inf
SiH3D          0.00E+000   0.00E+000        0.00        -Inf
SiH2D2         0.00E+000   0.00E+000        0.00        -Inf
SiHD3          0.00E+000   0.00E+000        0.00        -Inf
SiD4           0.00E+000   0.00E+000        0.00        -Inf
SiH5+          0.00E+000   0.00E+000        0.00        -Inf
SiH4D+         0.00E+000   0.00E+000        0.00        -Inf
SiH3D2+        0.00E+000   0.00E+000        0.00        -Inf
SiH2D3+        0.00E+000   0.00E+000        0.00        -Inf
SiHD4+         0.00E+000   0.00E+000        0.00        -Inf
SiD5+          0.00E+000   0.00E+000        0.00        -Inf
SiH3           0.00E+000   0.00E+000        0.00        -Inf
SiH2D          0.00E+000   0.00E+000        0.00        -Inf
SiHD2          0.00E+000   0.00E+000        0.00        -Inf
SiD3           0.00E+000   0.00E+000        0.00        -Inf
HS2+           1.53E-018   1.06E-018        0.00        0.16
DS2+           3.90E-020   0.00E+000        0.00       80.59
CH2PH          1.05E-016   5.35E-017        1.96        0.29
CHDPH          3.60E-018   0.00E+000        0.00       82.56
CH2PD          1.80E-018   0.00E+000        0.00       82.26
CD2PH          1.12E-019   0.00E+000        0.00       81.05
CHDPD          2.23E-019   0.00E+000        0.00       81.35
CD2PD          5.80E-021   0.00E+000        0.00       79.76
H3S2+          8.21E-018   0.00E+000        0.00       82.91
H2DS2+         4.17E-019   0.00E+000        0.00       81.62
HD2S2+         1.72E-020   0.00E+000        0.00       80.24
D3S2+          5.04E-022   0.00E+000        0.00       78.70
PCH4+          7.18E-018   2.71E-018        0.00        0.42
PCH3D+         4.73E-019   0.00E+000        0.00       81.67
PCH2D2+        4.43E-020   0.00E+000        0.00       80.65
PCHD3+         1.58E-021   0.00E+000        0.00       79.20
PCD4+          9.16E-024   0.00E+000        0.00       76.96
HS2            1.09E-014   5.38E-012      492.82        2.69
DS2            2.98E-016   0.00E+000    ********       84.47
H2S2           1.92E-015   0.00E+000    ********       85.28
HDS2           6.65E-017   0.00E+000        0.00       83.82
D2S2           1.43E-018   0.00E+000        0.00       82.16
H2S2+          3.74E-017   1.15E-014        0.00        2.49
HDS2+          2.13E-018   5.49E-016        0.00        2.41
D2S2+          6.64E-020   0.00E+000        0.00       80.82
SiS+           1.02E-017   0.00E+000        0.00       83.01
CH2NH2+        1.41E-015   1.08E-015        1.30        0.11
PC2H3+         1.73E-019   1.15E-019        0.00        0.18
PC2H2D+        9.64E-021   3.13E-015        0.00        5.51
PC2HD2+        2.26E-022   0.00E+000        0.00       78.35
PC2D3+         2.53E-024   0.00E+000        0.00       76.40
CHDNH2+        5.89E-017   4.56E-017        0.00        0.11
CH2NHD+        5.89E-017   4.56E-017        0.00        0.11
CD2NH2+        9.84E-019   0.00E+000        0.00       81.99
CHDNHD+        3.93E-018   8.47E-018        0.00        0.33
CH2ND2+        9.84E-019   0.00E+000        0.00       81.99
CD2NHD+        6.43E-020   0.00E+000        0.00       80.81
CHDND2+        6.43E-020   0.00E+000        0.00       80.81
CD2ND2+        1.12E-021   0.00E+000        0.00       79.05
CH2NH          1.89E-012   2.97E-012        1.57        0.20
CHDNH          9.64E-014   1.66E-013        1.73        0.24
CH2ND          4.82E-014   8.32E-014        1.73        0.24
CD2NH          1.27E-015   0.00E+000    ********       85.11
CHDND          2.55E-015   0.00E+000    ********       85.41
CD2ND          3.81E-017   0.00E+000        0.00       83.58
PN+            4.57E-016   4.37E-016        1.05        0.02
SiH4+          0.00E+000   0.00E+000        0.00        -Inf
SiH3D+         0.00E+000   0.00E+000        0.00        -Inf
SiH2D2+        0.00E+000   0.00E+000        0.00        -Inf
SiHD3+         0.00E+000   0.00E+000        0.00        -Inf
SiD4+          0.00E+000   0.00E+000        0.00        -Inf
C2O+           2.48E-018   9.94E-019        0.00        0.40
H2NO+          2.24E-012   1.15E-012        1.95        0.29
HDNO+          1.69E-013   8.51E-014        1.98        0.30
D2NO+          1.40E-014   0.00E+000    ********       86.15
CH2CHCN        1.36E-017   0.00E+000        0.00       83.13
CHDCHCN        8.76E-019   0.00E+000        0.00       81.94
CH2CDCN        4.39E-019   0.00E+000        0.00       81.64
CD2CHCN        3.12E-020   0.00E+000        0.00       80.49
CHDCDCN        6.25E-020   0.00E+000        0.00       80.80
CD2CDCN        8.75E-022   0.00E+000        0.00       78.94
H4C3N+         1.62E-020   0.00E+000        0.00       80.21
H3DC3N+        4.22E-026   0.00E+000        0.00       74.63
H2D2C3N+       1.83E-028   0.00E+000        0.00       72.26
HD3C3N+        3.21E-031   0.00E+000        0.00       69.51
D4C3N+         3.36E-034   0.00E+000        0.00       66.53
H3C3N+         3.76E-024   0.00E+000        0.00       76.58
H2DC3N+        1.54E-026   0.00E+000        0.00       74.19
HD2C3N+        5.68E-029   0.00E+000        0.00       71.75
D3C3N+         1.02E-031   0.00E+000        0.00       69.01
CN-            1.27E-017   0.00E+000        0.00       83.10
N2H+           0.00E+000   0.00E+000        0.00        -Inf
N2D+           0.00E+000   0.00E+000        0.00        -Inf
