H              1.25E-006   1.25E-006     1.0000     1.0000   *
CH             4.38E-013   3.63E-013      1.21      0.00
C              1.75E-012   1.74E-012      1.00      0.00
H2             5.00E-001   5.00E-001      1.00      0.00
D              5.86E-009   5.93E-009     1.0134     1.0000   *
HD             1.76E-005   1.76E-005      1.00      0.00
CD             1.70E-014   1.66E-014      1.02      0.00
D2             1.21E-006   1.21E-006      1.00      0.00
H2CN           2.26E-015   2.01E-015      1.12      0.00
HCN            1.08E-010   1.07E-010     1.0029     1.0000   *
DCN            1.12E-012   1.16E-012     1.0341     1.0000   *
HDCN           2.13E-016   1.83E-016      1.16      0.00
D2CN           1.12E-017   0.00E+000   *******      0.00
HCO            5.49E-013   5.62E-013      1.02      0.00
CO             7.28E-005   7.28E-005     1.0000     1.0000   *
DCO            1.15E-014   1.46E-014      1.27      0.00
HS             2.88E-012   3.01E-010    104.53      0.00
S              7.70E-009   2.35E-009      3.28      0.00
DS             2.12E-014   1.09E-010   5130.65      0.00
SiH+           3.42E-020   3.45E-020      1.01      0.00
Si+            3.20E-019   3.13E-019      1.02      0.00
OH-            1.90E-014   1.91E-014      1.01      0.00
H2O            8.67E-008   8.65E-008     1.0023     1.0000   *
E-             6.81E-009   6.81E-009     1.0001     1.0000   *
HDO            6.55E-010   6.57E-010     1.0039     1.0000   *
OD-            3.68E-017   0.00E+000   *******      0.00
D2O            3.26E-012   3.26E-012     1.0013     1.0000   *
N              5.32E-008   4.83E-008      1.10      0.00
NH             4.96E-011   5.09E-011      1.03      0.00
N2             1.06E-005   1.06E-005      1.00      0.00
ND             7.01E-013   7.26E-013      1.03      0.00
CH3            1.66E-013   1.69E-013      1.02      0.00
CH2D           2.21E-014   2.30E-014      1.04      0.00
CHD2           2.33E-015   1.96E-015      1.19      0.00
CD3            7.85E-017   6.30E-017      1.24      0.00
NS             6.41E-010   0.00E+000   *******      0.00
H2CS           4.04E-011   1.28E-011      3.14      0.00
HDCS           3.10E-012   7.28E-013      4.26      0.00
D2CS           1.35E-013   0.00E+000   *******      0.00
OH             2.03E-009   2.06E-009     1.0149     1.0000   *
H2CO           2.28E-013   2.33E-013     1.0205     1.0000   *
HCOOH          9.74E-010   9.80E-010     1.0069     1.0000   *
OD             1.00E-011   1.05E-011     1.0424     1.0000   *
DCOOH          2.27E-011   2.10E-011     1.0816     1.0000   *
HCOOD          2.27E-011   2.10E-011     1.0816     1.0000   *
HDCO           2.14E-014   2.18E-014     1.0219     1.0000   *
DCOOD          1.94E-012   3.63E-012      1.87      0.00
D2CO           1.12E-015   9.43E-016     1.1874     1.0000   *
S2             2.06E-010   6.57E-009     31.89      0.00
H+             1.62E-012   1.61E-012     1.0035     1.0000   *
CO+            2.73E-016   2.73E-016      1.00      0.00
D+             9.12E-021   9.21E-021     1.0092     1.0000   *
O-             5.37E-019   5.30E-019      1.01      0.00
SiC+           1.06E-025   0.00E+000   *******      0.00
HCSi+          1.55E-025   0.00E+000   *******      0.00
SiCH2+         1.08E-020   0.00E+000   *******      0.00
SiO+           3.17E-019   3.15E-019      1.00      0.00
SiOH+          7.84E-015   7.81E-015      1.00      0.00
H3+            3.34E-011   3.39E-011     1.0136     1.0000   *
Na             1.87E-010   1.88E-010      1.00      0.00
Na+            2.81E-009   2.81E-009      1.00      0.00
Mg             2.54E-009   2.53E-009      1.00      0.00
Mg+            4.62E-010   4.65E-010      1.01      0.00
He+            4.79E-012   4.79E-012     1.0005     1.0000   *
C+             1.28E-011   1.28E-011      1.00      0.00
He             1.40E-001   1.40E-001      1.00      0.00
O+             6.49E-016   6.49E-016      1.00      0.00
C2H            1.33E-012   1.35E-012      1.02      0.00
C2+            4.33E-021   4.02E-021      1.08      0.00
C2D            5.24E-014   5.80E-014      1.11      0.00
C2H2           2.82E-010   2.85E-010      1.01      0.00
C2H+           6.57E-021   6.20E-021      1.06      0.00
C2HD           2.13E-011   2.59E-011      1.22      0.00
C2D+           1.05E-022   1.28E-022      1.22      0.00
C2D2           3.12E-012   3.87E-012      1.24      0.00
HNC            2.09E-010   2.09E-010     1.0003     1.0000   *
DNC            1.52E-012   1.55E-012     1.0225     1.0000   *
C2H3           1.64E-015   1.62E-015      1.01      0.00
C2H2+          3.50E-017   3.50E-017      1.00      0.00
C2H2D          1.89E-016   1.60E-016      1.18      0.00
C2HD+          3.30E-018   3.43E-018      1.04      0.00
C2HD2          5.39E-018   6.19E-018      1.15      0.00
C2D2+          1.72E-019   2.06E-019      1.20      0.00
C2D3           1.29E-019   1.51E-019      1.17      0.00
NH2+           3.16E-016   3.18E-016      1.00      0.00
HN2+           7.68E-012   7.77E-012     1.0128     1.0000   *
NHD+           3.58E-020   3.59E-020      1.00      0.00
DN2+           1.11E-013   1.13E-013     1.0190     1.0000   *
ND2+           3.61E-022   3.63E-022      1.01      0.00
HS+            1.31E-013   3.99E-014      3.27      0.00
NS+            4.82E-015   3.46E-016     13.93      0.00
DS+            1.96E-015   5.98E-016      3.28      0.00
S+             1.36E-012   4.20E-013      3.23      0.00
O              1.92E-005   1.89E-005      1.01      0.00
OH+            2.23E-015   2.23E-015      1.00      0.00
O2+            2.98E-011   2.98E-011      1.00      0.00
OD+            1.73E-017   1.73E-017      1.00      0.00
HF             1.96E-008   1.97E-008      1.00      0.00
SiF+           2.63E-020   2.59E-020      1.02      0.00
SiNC+          3.27E-023   3.20E-023      1.02      0.00
CH+            7.63E-020   7.60E-020      1.00      0.00
CD+            3.76E-021   3.56E-021      1.06      0.00
NH+            6.62E-017   6.64E-017      1.00      0.00
ND+            1.33E-021   1.37E-021      1.03      0.00
CH3+           4.12E-014   4.11E-014      1.00      0.00
CH2D+          6.65E-015   6.72E-015      1.01      0.00
CHD2+          1.04E-015   1.00E-015      1.03      0.00
CD3+           8.12E-017   8.30E-017      1.02      0.00
NH2            3.17E-011   3.23E-011      1.02      0.00
NHD            2.66E-013   2.75E-013      1.03      0.00
ND2            1.20E-015   1.23E-015      1.03      0.00
C2             2.35E-014   2.33E-014      1.01      0.00
C2H3+          4.01E-014   4.03E-014      1.01      0.00
C2H2D+         4.39E-015   4.77E-015      1.09      0.00
C2HD2+         3.25E-016   3.98E-016      1.23      0.00
C2D3+          1.00E-017   0.00E+000   *******      0.00
Si             1.84E-015   1.82E-015      1.01      0.00
SiH            3.55E-016   5.27E-016      1.49      0.00
H2CO+          1.98E-015   1.95E-015      1.02      0.00
HDCO+          2.34E-016   2.34E-016      1.00      0.00
D2CO+          2.40E-017   0.00E+000   *******      0.00
P              2.93E-009   2.93E-009      1.00      0.00
P+             6.34E-014   6.32E-014      1.00      0.00
PH             6.77E-011   6.66E-011      1.02      0.00
PH+            4.56E-014   4.62E-014      1.01      0.00
SiC            2.74E-015   0.00E+000   *******      0.00
HCSi           1.54E-014   0.00E+000   *******      0.00
SiO            3.00E-009   3.00E-009      1.00      0.00
S2+            5.10E-016   7.40E-015     14.50      0.00
H-             7.63E-014   7.72E-014      1.01      0.00
D-             1.83E-018   1.66E-018      1.10      0.00
CH2+           5.33E-018   5.32E-018      1.00      0.00
CHD+           2.19E-020   2.27E-020      1.04      0.00
CD2+           1.04E-021   1.23E-021      1.18      0.00
CH2            3.07E-013   3.11E-013      1.01      0.00
CHD            2.94E-014   4.47E-014      1.52      0.00
CD2            1.60E-015   3.49E-015      2.19      0.00
NH3+           7.00E-013   7.02E-013      1.00      0.00
NH2D+          1.99E-016   1.87E-016      1.06      0.00
NHD2+          2.24E-018   2.10E-018      1.06      0.00
ND3+           8.74E-021   7.50E-021      1.17      0.00
CH5+           6.64E-014   6.70E-014      1.01      0.00
CH4            3.31E-008   3.33E-008      1.01      0.00
CH4D+          1.34E-014   1.38E-014      1.03      0.00
CH3D           5.63E-009   5.79E-009     1.0284     1.0000   *
CH3D2+         2.77E-015   2.86E-015      1.03      0.00
CH2D2          8.85E-010   1.05E-009      1.19      0.00
CH2D3+         3.39E-016   3.50E-016      1.03      0.00
CHD3           6.45E-011   8.33E-011      1.29      0.00
CHD4+          7.51E-019   0.00E+000   *******      0.00
CD4            7.31E-014   0.00E+000   *******      0.00
H2O+           4.27E-015   4.27E-015      1.00      0.00
HDO+           3.97E-017   3.98E-017      1.00      0.00
D2O+           5.75E-019   5.80E-019      1.01      0.00
C2H4+          6.53E-016   7.51E-016      1.15      0.00
C2H3D+         9.06E-017   1.00E-016      1.10      0.00
C2H2D2+        3.25E-018   4.06E-018      1.25      0.00
C2HD3+         2.68E-022   3.76E-022      1.40      0.00
C2D4+          7.93E-024   0.00E+000   *******      0.00
SiH2+          4.45E-023   6.23E-023      1.40      0.00
PH2+           1.43E-015   1.43E-015      1.00      0.00
H2S+           7.35E-016   2.28E-016      3.22      0.00
HDS+           2.01E-018   6.32E-019      3.18      0.00
D2S+           1.07E-020   8.47E-020      7.93      0.00
HCO+           5.72E-010   5.72E-010     1.0002     1.0000   *
DCO+           8.59E-012   8.77E-012     1.0204     1.0000   *
H2D+           1.42E-012   1.45E-012     1.0190     1.0000   *
HD2+           6.04E-014   6.16E-014     1.0197     1.0000   *
D3+            6.33E-015   6.55E-015     1.0350     1.0000   *
O2H            7.01E-010   7.57E-010     1.0789     1.0000   *
O2             4.17E-005   4.18E-005     1.0030     1.0000   *
O2D            3.91E-011   4.29E-011     1.0984     1.0000   *
CH3OH          1.51E-014   1.54E-014     1.0195     1.0000   *
CH3OH2+        2.99E-017   2.98E-017      1.00      0.00
CH2DOH2+       9.09E-018   9.28E-018      1.02      0.00
CH3OHD+        6.43E-019   8.42E-019      1.31      0.00
CH2DOH         2.15E-015   2.97E-015     1.3827     1.0000   *
CH3OD          7.17E-016   9.87E-016     1.3778     1.0000   *
CHD2OH2+       2.06E-018   2.22E-018      1.08      0.00
CH2DOHD+       1.25E-019   1.54E-019      1.23      0.00
CH3OD2+        7.45E-021   2.01E-020      2.70      0.00
CHD2OH         8.44E-016   1.62E-015     1.9209     1.0000   *
CH2DOD         8.44E-016   1.62E-015     1.9209     1.0000   *
CD3OH2+        2.14E-019   2.18E-019      1.02      0.00
CHD2OHD+       2.15E-020   3.91E-020      1.82      0.00
CH2DOD2+       1.10E-021   4.41E-021      4.02      0.00
CD3OH          1.40E-017   2.53E-017     1.8028     1.0000   *
CHD2OD         4.21E-017   7.58E-017     1.8024     1.0000   *
CD3OHD+        2.02E-021   2.40E-021      1.19      0.00
CHD2OD2+       1.36E-022   0.00E+000   *******      0.00
CD3OD          4.00E-019   0.00E+000   *******      0.00
H2S            1.94E-011   6.42E-012      3.02      1.00   !
HDS            2.56E-013   9.71E-014      2.63      1.00   !
D2S            7.96E-016   4.00E-014     50.28      0.00
HCS            3.95E-016   1.23E-016      3.22      0.00
CS+            2.69E-019   1.24E-019      2.16      0.00
DCS            1.36E-017   4.30E-018      3.16      0.00
CN             2.55E-013   2.51E-013      1.01      0.00
CH4+           5.45E-019   5.47E-019      1.00      0.00
CH3D+          7.81E-020   7.32E-020      1.07      0.00
CH2D2+         9.25E-021   1.58E-020      1.71      0.00
CHD3+          4.31E-022   0.00E+000   *******      0.00
CD4+           3.66E-025   0.00E+000   *******      0.00
F              2.65E-010   2.60E-010      1.02      0.00
Fe             3.48E-010   3.48E-010     1.0020     1.0000   *
Fe+            2.65E-009   2.65E-009      1.00      0.00
H3S+           2.31E-014   7.32E-015      3.15      0.00
H2DS+          4.57E-016   1.58E-016      2.90      0.00
HD2S+          2.78E-018   1.69E-017      6.11      0.00
D3S+           2.69E-020   0.00E+000   *******      0.00
C3H2+          9.85E-017   9.65E-017      1.02      0.00
C3H+           4.43E-019   4.29E-019      1.03      0.00
C3D+           1.99E-020   2.42E-020      1.22      0.00
C3HD+          2.71E-018   3.31E-018      1.22      0.00
C3D2+          4.40E-022   2.42E-022      1.82      0.00
C4H2+          3.05E-017   3.01E-017      1.01      0.00
C4H3+          1.77E-017   1.43E-018     12.34      0.00
C4H2D+         5.34E-019   5.86E-019      1.10      0.00
C4HD+          2.93E-019   3.39E-019      1.16      0.00
DF             9.07E-011   0.00E+000   *******      0.00
C3             2.23E-013   2.22E-013      1.01      0.00
C3H            3.21E-015   2.89E-015      1.11      0.00
C3D            4.06E-017   5.05E-017      1.24      0.00
C2H4           6.07E-012   5.41E-012      1.12      0.00
C3H3           3.94E-015   9.75E-016      4.04      0.00
C2H3D          1.07E-012   7.27E-013      1.47      0.00
C3H2D          6.05E-016   4.86E-016      1.25      0.00
C2H2D2         2.21E-012   1.95E-012      1.13      0.00
C3HD2          1.82E-010   0.00E+000   *******      0.00
C2HD3          1.27E-013   0.00E+000   *******      0.00
C3D3           3.79E-012   0.00E+000   *******      0.00
C2D4           1.58E-015   0.00E+000   *******      0.00
C4             7.38E-019   3.43E-019      2.15      0.00
C3H2           3.11E-012   3.10E-012      1.00      0.00
C4H            9.81E-016   6.40E-016      1.53      0.00
C3HD           8.14E-014   9.71E-014      1.19      0.00
C4D            7.74E-015   8.60E-015      1.11      0.00
H2CCCC         2.07E-013   1.05E-014     19.73      0.00
HDCCCC         1.27E-013   1.47E-013      1.16      0.00
CH2CN          1.76E-012   1.76E-012      1.00      0.00
HC3N           3.83E-015   1.36E-015      2.82      0.00
CHDCN          3.70E-014   3.87E-014      1.05      0.00
DC3N           1.06E-015   7.98E-016      1.33      0.00
C5             1.15E-015   6.61E-017     17.36      0.00
C5H            5.83E-018   2.06E-019     28.34      0.00
C6             4.07E-021   6.40E-022      6.36      0.00
C5H2           6.98E-016   0.00E+000   *******      0.00
C6H            2.72E-019   1.69E-019      1.62      0.00
C7             4.96E-018   3.42E-018      1.45      0.00
C6H2           6.12E-017   4.01E-017      1.53      0.00
C7H            3.51E-022   2.37E-022      1.48      0.00
C8             1.45E-023   1.01E-023      1.43      0.00
C8H            8.37E-023   5.94E-023      1.41      0.00
C9             6.64E-026   5.09E-026      1.30      0.00
NH3            1.34E-008   1.34E-008     1.0049     1.0000   *
CH2NH          1.13E-012   9.29E-013      1.21      0.00
CHDNH          2.81E-014   2.58E-014      1.09      0.00
CH2ND          1.40E-014   1.29E-014      1.09      0.00
NH2D           1.78E-010   1.82E-010     1.0184     1.0000   *
CD2NH          2.83E-016   3.53E-016      1.25      0.00
CHDND          5.64E-016   7.04E-016      1.25      0.00
NHD2           1.58E-012   1.61E-012     1.0153     1.0000   *
CD2ND          3.59E-018   0.00E+000   *******      0.00
ND3            1.31E-014   1.27E-014     1.0270     1.0000   *
NO             1.89E-007   2.10E-007      1.11      0.00
C2N            1.48E-014   1.39E-014      1.07      0.00
C3N            4.93E-018   3.85E-018      1.28      0.00
C4N            7.36E-018   4.44E-018      1.66      0.00
HNO            3.39E-011   3.45E-011      1.02      0.00
DNO            1.44E-013   1.49E-013      1.04      0.00
CH2CO          3.78E-012   3.71E-012      1.02      0.00
CHDCO          6.94E-013   6.45E-013      1.08      0.00
CD2CO          2.09E-013   2.47E-013      1.18      0.00
CO2            1.17E-007   1.19E-007      1.02      0.00
OCS            9.31E-010   2.84E-010      3.28      0.00
SO             3.67E-009   2.03E-009      1.81      0.00
SO2            6.46E-009   1.73E-009      3.73      0.00
NH2CN          2.24E-012   2.26E-012      1.01      0.00
NHDCN          1.24E-012   1.24E-012      1.00      0.00
ND2CN          4.55E-014   4.16E-014      1.09      0.00
NCCN           2.01E-014   2.19E-014      1.09      0.00
H2+            5.69E-015   5.69E-015     1.0000     1.0000   *
HD+            2.00E-019   2.03E-019     1.0173     1.0000   *
D2+            1.38E-020   1.40E-020     1.0160     1.0000   *
HeH+           1.38E-016   1.38E-016      1.00      0.00
HeD+           2.76E-021   0.00E+000   *******      0.00
N+             1.69E-015   1.70E-015      1.00      0.00
NH4+           3.81E-012   3.82E-012      1.00      0.00
NH3D+          6.75E-014   6.88E-014      1.02      0.00
NH2D2+         8.83E-016   8.96E-016      1.01      0.00
NHD3+          1.47E-017   1.43E-017      1.03      0.00
ND4+           6.49E-020   7.16E-020      1.10      0.00
H3O+           1.94E-010   1.94E-010      1.00      0.00
H2DO+          2.17E-012   2.22E-012      1.03      0.00
HD2O+          2.14E-014   2.19E-014      1.03      0.00
D3O+           1.63E-016   1.81E-016      1.11      0.00
F+             6.55E-018   6.55E-018      1.00      0.00
HF+            1.92E-018   1.91E-018      1.00      0.00
DF+            3.83E-023   0.00E+000   *******      0.00
H2F+           1.78E-012   1.77E-012      1.01      0.00
HDF+           4.14E-014   0.00E+000   *******      0.00
D2F+           7.16E-016   0.00E+000   *******      0.00
CN+            1.17E-020   1.17E-020      1.00      0.00
HCN+           1.86E-020   1.86E-020      1.00      0.00
DCN+           3.06E-023   3.13E-023      1.02      0.00
HCNH+          3.27E-013   3.27E-013      1.00      0.00
DCNH+          3.25E-015   3.35E-015      1.03      0.00
HCND+          3.25E-015   3.35E-015      1.03      0.00
DCND+          1.75E-017   1.27E-017      1.37      0.00
HOC+           9.28E-016   5.71E-016      1.62      0.00
DOC+           5.53E-018   5.14E-018      1.08      0.00
N2+            3.24E-017   3.24E-017      1.00      0.00
C3+            1.85E-022   1.63E-022      1.14      0.00
CH3CN+         2.53E-021   2.50E-021      1.01      0.00
CH3CNH+        2.62E-016   2.57E-016      1.02      0.00
CH2DCNH+       7.67E-018   5.13E-018      1.50      0.00
CH3CND+        2.56E-018   1.71E-018      1.50      0.00
CH2DCN+        1.02E-022   4.69E-023      2.17      0.00
CHD2CNH+       3.58E-019   3.01E-019      1.19      0.00
CH2DCND+       3.58E-019   3.01E-019      1.19      0.00
CHD2CN+        2.98E-024   5.49E-025      5.43      0.00
CD3CNH+        1.22E-020   0.00E+000   *******      0.00
CHD2CND+       3.66E-020   0.00E+000   *******      0.00
CD3CN+         6.79E-026   0.00E+000   *******      0.00
CD3CND+        4.52E-022   0.00E+000   *******      0.00
HCS+           1.69E-014   5.62E-015      3.00      0.00
DCS+           1.84E-016   5.95E-017      3.09      0.00
C4+            8.62E-022   8.60E-022      1.00      0.00
C4H+           3.11E-021   3.10E-021      1.00      0.00
C4D+           2.00E-023   2.37E-023      1.19      0.00
C3N+           1.90E-025   6.78E-026      2.81      0.00
HC3N+          1.08E-022   4.49E-023      2.40      0.00
DC3N+          4.37E-024   3.27E-024      1.34      0.00
HC3NH+         1.22E-018   5.00E-019      2.45      0.00
DC3NH+         9.69E-021   8.75E-021      1.11      0.00
HC3ND+         9.69E-021   8.75E-021      1.11      0.00
C2S+           9.83E-024   2.81E-024      3.50      0.00
HC2S+          1.09E-016   3.04E-017      3.57      0.00
DC2S+          2.07E-018   0.00E+000   *******      0.00
C5+            1.52E-025   8.47E-026      1.80      0.00
C5H+           2.21E-019   1.26E-020     17.53      0.00
C6+            5.44E-025   3.12E-026     17.44      0.00
C6H+           2.17E-023   1.24E-024     17.44      0.00
C6H2+          4.55E-022   2.61E-023     17.41      0.00
C7+            3.16E-026   2.07E-026      1.53      0.00
C7H+           3.31E-022   2.22E-022      1.49      0.00
C8+            2.70E-026   1.85E-026      1.45      0.00
C8H+           1.27E-028   8.72E-029      1.45      0.00
C8H2+          2.04E-024   1.41E-024      1.45      0.00
C9+            0.00E+000   0.00E+000      0.00      0.00
C9H+           2.12E-030   1.50E-030      1.41      0.00
H2NC+          2.45E-013   2.46E-013      1.00      0.00
HDNC+          2.20E-015   2.23E-015      1.02      0.00
D2NC+          1.03E-017   1.03E-017      1.00      0.00
CF+            2.57E-012   2.56E-012      1.00      0.00
CNC+           1.95E-015   1.94E-015      1.01      0.00
C2N+           4.08E-015   4.07E-015      1.00      0.00
H2C3H+         6.23E-016   6.10E-016      1.02      0.00
HDC3H+         1.87E-017   2.30E-017      1.23      0.00
H2C3D+         9.34E-018   1.15E-017      1.23      0.00
D2C3H+         2.32E-021   2.47E-021      1.07      0.00
HDC3D+         4.65E-021   4.96E-021      1.07      0.00
D2C3D+         1.89E-022   2.30E-022      1.22      0.00
C3H3+          9.22E-016   9.16E-016      1.01      0.00
C3H2D+         1.57E-017   1.86E-017      1.19      0.00
C4N+           1.97E-023   6.96E-024      2.83      0.00
C3S+           2.54E-020   7.55E-021      3.36      0.00
SO+            5.91E-013   1.77E-013      3.35      0.00
HCOOH2+        5.90E-013   5.94E-013      1.01      0.00
DCOOH2+        2.18E-015   2.07E-015      1.05      0.00
HCOOHD+        4.36E-015   4.13E-015      1.05      0.00
DCOOHD+        3.69E-016   3.89E-016      1.05      0.00
HCOOD2+        1.84E-016   0.00E+000   *******      0.00
DCOOD2+        1.79E-017   0.00E+000   *******      0.00
H3CS+          2.35E-015   7.34E-016      3.19      0.00
H2DCS+         2.57E-016   6.38E-017      4.03      0.00
HD2CS+         2.22E-017   0.00E+000   *******      0.00
D3CS+          6.97E-019   0.00E+000   *******      0.00
C5H5+          5.87E-020   0.00E+000   *******      0.00
HCO2+          1.45E-013   1.49E-013      1.03      0.00
DCO2+          6.58E-015   8.64E-016      7.62      0.00
HC3S+          4.17E-018   1.26E-018      3.31      0.00
DC3S+          2.70E-020   0.00E+000   *******      0.00
NO+            5.25E-013   3.77E-013      1.39      0.00
CH3OH+         5.10E-020   5.21E-020      1.02      0.00
CH2DOH+        7.25E-021   1.01E-020      1.40      0.00
CH3OD+         2.42E-021   3.23E-021      1.34      0.00
CHD2OH+        2.68E-021   5.15E-021      1.92      0.00
CH2DOD+        2.68E-021   5.15E-021      1.92      0.00
CD3OH+         4.32E-023   7.77E-023      1.80      0.00
CHD2OD+        1.29E-022   2.33E-022      1.80      0.00
CD3OD+         1.19E-024   0.00E+000   *******      0.00
C3D2           5.31E-016   5.26E-016      1.01      0.00
CH3CN          7.26E-014   7.15E-014      1.02      0.00
CH2DCN         5.99E-015   4.09E-015      1.46      0.00
CHD2CN         1.06E-015   8.88E-016      1.19      0.00
CD3CN          3.41E-017   0.00E+000   *******      0.00
CH3CHO         3.71E-013   3.83E-013      1.03      0.00
CH3CHO+        4.59E-018   0.00E+000   *******      0.00
CH2DCHO+       7.22E-019   1.02E-018      1.42      0.00
CH3CDO+        2.41E-019   0.00E+000   *******      0.00
CH2DCHO        5.80E-014   6.83E-014      1.18      0.00
CH3CDO         1.93E-014   2.29E-014      1.18      0.00
CHD2CHO+       4.63E-020   0.00E+000   *******      0.00
CH2DCDO+       4.63E-020   0.00E+000   *******      0.00
CHD2CHO        2.69E-014   5.98E-014      2.23      0.00
CH2DCDO        2.69E-014   5.98E-014      2.23      0.00
CD3CHO+        1.24E-022   0.00E+000   *******      0.00
CHD2CDO+       3.71E-022   0.00E+000   *******      0.00
CD3CHO         1.07E-016   3.18E-016      2.97      0.00
CHD2CDO        3.21E-016   1.88E-015      5.85      0.00
CD3CDO+        1.34E-024   0.00E+000   *******      0.00
CD3CDO         2.35E-018   0.00E+000   *******      0.00
CS             1.14E-010   3.55E-011      3.20      0.00
H2CS+          7.70E-017   2.43E-017      3.17      0.00
HDCS+          4.01E-018   8.98E-019      4.46      0.00
D2CS+          8.40E-020   0.00E+000   *******      0.00
C2H5+          1.01E-015   9.21E-016      1.10      0.00
C2H4D+         2.09E-016   1.49E-016      1.41      0.00
C2H3D2+        1.13E-017   1.19E-017      1.06      0.00
C2H2D3+        1.08E-018   1.44E-018      1.34      0.00
C2HD4+         4.69E-020   0.00E+000   *******      0.00
CH2NH2+        4.27E-016   3.53E-016      1.21      0.00
CHDNH2+        1.01E-017   9.00E-018      1.12      0.00
CH2NHD+        1.01E-017   9.00E-018      1.12      0.00
CD2NH2+        9.31E-021   0.00E+000   *******      0.00
CHDNHD+        3.73E-020   6.33E-020      1.70      0.00
CH2ND2+        9.31E-021   0.00E+000   *******      0.00
CD2NHD+        1.81E-022   0.00E+000   *******      0.00
CHDND2+        1.81E-022   0.00E+000   *******      0.00
CD2ND2+        1.07E-024   0.00E+000   *******      0.00
HNO+           1.08E-012   1.22E-012      1.12      0.00
DNO+           1.64E-014   1.86E-014      1.13      0.00
H3CO+          6.27E-016   5.89E-016      1.07      0.00
H2DCO+         7.90E-017   6.64E-017      1.19      0.00
HD2CO+         6.88E-018   5.61E-018      1.23      0.00
D3CO+          2.25E-019   2.26E-019      1.01      0.00
C2NH+          7.81E-017   7.15E-017      1.09      0.00
C2ND+          3.06E-018   2.61E-018      1.17      0.00
C3HD2+         9.93E-022   1.06E-021      1.07      0.00
C3D3+          2.70E-023   0.00E+000   *******      0.00
H2CCC          2.24E-015   2.24E-015      1.00      0.00
HDCCC          6.64E-017   8.26E-017      1.25      0.00
D2CCC          1.52E-013   1.61E-013      1.06      0.00
CH3CCH+        1.85E-019   4.49E-020      4.12      0.00
CH2DCCH+       4.89E-021   4.87E-021      1.00      0.00
CH3CCD+        1.63E-021   0.00E+000   *******      0.00
CHD2CCH+       0.00E+000   0.00E+000      0.00      0.00
CH2DCCD+       0.00E+000   0.00E+000      0.00      0.00
CD3CCH+        0.00E+000   0.00E+000      0.00      0.00
CHD2CCD+       0.00E+000   0.00E+000      0.00      0.00
CD3CCD+        0.00E+000   0.00E+000      0.00      0.00
HC2O+          1.09E-014   1.09E-014      1.00      0.00
DC2O+          4.27E-016   4.61E-016      1.08      0.00
NH2CNH+        2.98E-016   3.00E-016      1.01      0.00
NHDCNH+        0.00E+000   0.00E+000      0.00      0.00
NH2CND+        0.00E+000   0.00E+000      0.00      0.00
ND2CNH+        0.00E+000   0.00E+000      0.00      0.00
NHDCND+        0.00E+000   0.00E+000      0.00      0.00
ND2CND+        0.00E+000   0.00E+000      0.00      0.00
CH3CO+         1.97E-015   1.94E-015      1.02      0.00
CH2DCO+        1.43E-016   1.39E-016      1.03      0.00
CHD2CO+        1.53E-017   1.48E-017      1.03      0.00
CD3CO+         1.12E-018   2.24E-018      2.01      0.00
CH3CHOH+       1.01E-015   1.02E-015      1.02      0.00
CH2DCHOH+      4.60E-017   5.45E-017      1.18      0.00
CH3CDOH+       1.53E-017   2.32E-017      1.52      0.00
CH3CHOD+       1.53E-017   1.63E-017      1.06      0.00
CHD2CHOH+      2.85E-018   3.79E-018      1.33      0.00
CH2DCDOH+      2.85E-018   3.79E-018      1.33      0.00
CH2DCHOD+      2.85E-018   3.79E-018      1.33      0.00
CH3CDOD+       9.49E-019   3.21E-018      3.38      0.00
CD3CHOH+       1.12E-020   2.42E-020      2.16      0.00
CHD2CDOH+      3.37E-020   9.04E-020      2.69      0.00
CHD2CHOD+      3.37E-020   9.04E-020      2.69      0.00
CH2DCDOD+      3.37E-020   9.04E-020      2.69      0.00
CD3CDOH+       2.42E-022   0.00E+000   *******      0.00
CD3CHOD+       2.42E-022   0.00E+000   *******      0.00
CHD2CDOD+      7.25E-022   0.00E+000   *******      0.00
HSO+           1.33E-012   7.36E-013      1.81      0.00
DSO+           2.00E-014   0.00E+000   *******      0.00
HC3O+          0.00E+000   0.00E+000      0.00      0.00
C3O            0.00E+000   0.00E+000      0.00      0.00
DC3O+          0.00E+000   0.00E+000      0.00      0.00
C2S            1.50E-013   4.16E-014      3.61      0.00
HOCS+          6.13E-014   1.87E-014      3.27      0.00
DOCS+          0.00E+000   0.00E+000      0.00      0.00
C5H3+          1.63E-019   0.00E+000   *******      0.00
HSO2+          1.06E-013   2.81E-014      3.78      0.00
DSO2+          1.61E-015   0.00E+000   *******      0.00
CH3C4H         3.31E-016   0.00E+000   *******      0.00
C3S            7.41E-015   2.23E-015      3.33      0.00
C6H3+          5.70E-021   3.74E-021      1.53      0.00
CH2CO+         2.37E-017   2.32E-017      1.02      0.00
CHDCO+         4.35E-018   4.02E-018      1.08      0.00
CD2CO+         0.00E+000   0.00E+000      0.00      0.00
H2O2           2.99E-099   3.14E-099     0.0000     1.0000   *
HDO2           2.84E-100   3.15E-100     0.0000     1.0000   *
D2O2           0.00E+000   0.00E+000      0.00      0.00
OCN            1.83E-011   1.81E-011      1.01      0.00
O2H+           1.49E-016   1.47E-016      1.01      0.00
O2D+           2.25E-018   0.00E+000   *******      0.00
CH2CN+         2.20E-017   2.20E-017      1.00      0.00
CHDCN+         4.64E-019   4.83E-019      1.04      0.00
CD2CN+         0.00E+000   0.00E+000      0.00      0.00
CD2CN          1.14E-015   9.07E-016      1.26      0.00
C7H3+          0.00E+000   0.00E+000      0.00      0.00
C10+           3.12E-032   2.39E-032      0.00      0.00
N2H+           0.00E+000   0.00E+000      0.00      0.00
N2D+           0.00E+000   0.00E+000      0.00      0.00
CD3OD2+        1.50E-015   0.00E+000   *******      0.00
