H              9.73E-007   9.66E-007     1.0075     1.0000   *
CH             4.12E-013   3.84E-013      1.07      0.00
C              8.37E-012   1.75E-012      4.78      0.00
H2             5.00E-001   5.00E-001      1.00      0.00
CH2            2.64E-013   2.73E-013      1.04      0.00
NH             4.64E-011   4.34E-011      1.07      0.00
N              1.29E-007   2.77E-008      4.66      0.00
CH3            1.52E-013   1.39E-013      1.09      0.00
NH2            2.52E-011   4.25E-011      1.69      0.00
CH4            2.94E-008   3.49E-008      1.19      0.00
OH             1.96E-009   2.08E-009     1.0622     1.0000   *
O              2.04E-005   1.89E-005      1.08      0.00
NH3            1.42E-008   1.59E-008     1.1206     1.0000   *
H2O            1.11E-007   8.32E-008     1.3360     1.0000   *
C2             1.50E-014   1.88E-014      1.26      0.00
C2H2           1.89E-010   1.94E-010      1.03      0.00
C2H            9.20E-013   1.20E-012      1.30      0.00
HCN            1.06E-010   9.55E-011     1.1067     1.0000   *
CN             3.22E-013   4.17E-013      1.30      0.00
C2H3           6.76E-016   1.42E-015      2.11      0.00
CO             7.29E-005   7.28E-005     1.0016     1.0000   *
H2CN           3.59E-016   0.00E+000   *******      0.00
HCO            7.14E-013   5.35E-013      1.33      0.00
NO             5.79E-008   2.26E-007      3.91      0.00
H2CO           2.00E-013   1.82E-013     1.1035     1.0000   *
HNO            2.30E-011   3.97E-011      1.73      0.00
O2             4.12E-005   4.18E-005     1.0144     1.0000   *
O2H            1.25E-010   2.32E-010      1.86      0.00
HS             2.03E-012   2.50E-009   1232.92      0.00
S              8.39E-009   6.19E-009      1.36      0.00
H2O2           4.38E-066   7.37E-066     0.0000     1.0000   *
H2S            1.70E-011   4.59E-011      2.70      1.00   !
OCN            1.95E-012   1.65E-011      8.44      0.00
CH2CO          2.65E-012   2.93E-012      1.11      0.00
CO2            4.24E-008   1.51E-007      3.56      0.00
N2O            5.52E-010   0.00E+000   *******      0.00
N2             1.06E-005   1.06E-005      1.00      0.00
NO2            4.57E-010   0.00E+000   *******      0.00
NS             2.89E-014   0.00E+000   *******      0.00
SO             4.92E-009   4.11E-009      1.20      0.00
NCCN           7.16E-015   5.55E-014      7.75      0.00
OCS            3.09E-010   2.45E-010      1.26      0.00
S2             2.22E-015   0.00E+000   *******      0.00
F              1.00E-012   1.01E-012      1.00      0.00
HF             2.00E-008   2.00E-008      1.00      0.00
HNC            1.97E-010   1.84E-010     1.0746     1.0000   *
C3             3.09E-013   1.27E-013      2.44      0.00
C3H            3.34E-015   2.24E-015      1.49      0.00
C3H2           2.07E-012   1.42E-012      1.46      0.00
C2N            2.25E-014   7.99E-015      2.81      0.00
C2H4           4.64E-012   3.67E-012      1.27      0.00
C3H3           1.77E-014   5.52E-015      3.21      0.00
C2O            6.21E-015   0.00E+000   *******      0.00
SiH            2.16E-017   0.00E+000   *******      0.00
SiC            9.71E-018   0.00E+000      0.00      0.00
C2H5           1.90E-020   0.00E+000      0.00      0.00
CH3CCH         1.16E-013   0.00E+000   *******      0.00
SiH2           1.28E-019   0.00E+000      0.00      0.00
HCSi           2.50E-019   0.00E+000      0.00      0.00
SiH3           3.99E-023   0.00E+000      0.00      0.00
SiCH2          7.05E-017   0.00E+000   *******      0.00
PH             8.19E-013   0.00E+000   *******      0.00
CP             2.97E-016   0.00E+000   *******      0.00
CS             6.80E-011   4.69E-011      1.45      0.00
C4             1.45E-019   1.62E-019      0.00      0.00
C4H            4.74E-016   3.49E-016      1.36      0.00
H2CCC          1.05E-015   9.01E-016      1.17      0.00
H2CCCC         5.95E-014   6.34E-014      1.07      0.00
CH2CN          1.21E-012   2.37E-012      1.96      0.00
HC3N           5.17E-014   2.29E-015     22.58      0.00
C4H3           9.82E-015   0.00E+000   *******      0.00
HPO            8.92E-016   0.00E+000   *******      0.00
C5             3.28E-016   2.15E-016      1.52      0.00
C3N            2.78E-017   1.59E-018     17.49      0.00
C5H            3.51E-018   2.35E-018      0.00      0.00
C3O            3.25E-012   0.00E+000   *******      0.00
C5H2           3.67E-016   2.62E-016      1.40      0.00
C6             7.95E-021   7.55E-022      0.00      0.00
C6H            1.68E-019   6.68E-020      0.00      0.00
CH3C4H         1.06E-016   9.88E-017      1.08      0.00
C6H2           3.20E-017   1.37E-017      2.34      0.00
SO2            6.28E-009   6.81E-009      1.08      0.00
C7             1.92E-018   5.95E-019      0.00      0.00
C5N            2.88E-020   0.00E+000      0.00      0.00
C7H            1.52E-021   6.84E-023      0.00      0.00
C8             6.97E-024   1.71E-024      0.00      0.00
C7H2           9.42E-020   0.00E+000      0.00      0.00
C8H            6.20E-023   9.96E-024      0.00      0.00
CH3C6H         1.94E-020   0.00E+000      0.00      0.00
C8H2           5.02E-021   0.00E+000      0.00      0.00
C9             3.11E-022   5.63E-027      0.00      0.00
C7N            1.50E-023   0.00E+000      0.00      0.00
C9H            5.09E-025   0.00E+000      0.00      0.00
C10            4.19E-031   0.00E+000      0.00      0.00
C9N            3.01E-027   0.00E+000      0.00      0.00
CH2NH          1.42E-012   1.12E-012      1.27      0.00
CH3OH          3.56E-015   3.63E-015     1.0201     1.0000   *
SiN            4.52E-015   0.00E+000   *******      0.00
HNSi           2.76E-012   0.00E+000   *******      0.00
PN             2.28E-009   0.00E+000   *******      0.00
Si             2.67E-013   3.00E-009   *******      0.00
P              4.46E-010   3.00E-009      6.73      0.00
HCS            1.90E-016   3.56E-016      1.88      0.00
PO             2.75E-010   0.00E+000   *******      0.00
C4N            7.86E-018   1.41E-018      0.00      0.00
HC5N           2.35E-018   0.00E+000      0.00      0.00
HC7N           2.18E-021   0.00E+000      0.00      0.00
HOCH           7.17E-026   0.00E+000      0.00      0.00
H2CS           1.16E-011   4.86E-011      4.19      0.00
CH3CHO         1.26E-013   1.33E-013      1.05      0.00
SiO            2.98E-009   0.00E+000   *******      0.00
H2SiO          4.38E-018   0.00E+000      0.00      0.00
SiH4           1.39E-019   0.00E+000      0.00      0.00
PH2            2.57E-016   0.00E+000   *******      0.00
HCP            2.88E-013   0.00E+000   *******      0.00
CH2PH          5.44E-018   0.00E+000      0.00      0.00
CCl            1.66E-016   0.00E+000   *******      0.00
Cl             1.83E-009   3.00E-009      1.64      0.00
ClO            0.00E+000   0.00E+000      0.00      0.00
SiNC           4.79E-021   0.00E+000      0.00      0.00
SiC2           2.44E-017   0.00E+000   *******      0.00
CCP            8.92E-018   0.00E+000      0.00      0.00
HC2P           1.03E-018   0.00E+000      0.00      0.00
SiC3           7.06E-019   0.00E+000      0.00      0.00
C3P            1.99E-020   0.00E+000      0.00      0.00
SiC4           3.76E-024   0.00E+000      0.00      0.00
C4P            1.15E-020   0.00E+000      0.00      0.00
CH3CH3         7.75E-020   0.00E+000      0.00      0.00
HCOOH          7.11E-010   8.21E-010     1.1549     1.0000   *
SiO2           1.80E-011   0.00E+000   *******      0.00
NH2CN          1.50E-012   1.69E-012      1.13      0.00
C2S            4.35E-013   1.37E-013      3.18      0.00
C3S            9.70E-015   2.34E-015      4.15      0.00
C9H2           3.70E-023   0.00E+000      0.00      0.00
CH2CHCN        2.32E-017   0.00E+000   *******      0.00
HC9N           3.03E-025   0.00E+000      0.00      0.00
SiC2H2         6.28E-016   0.00E+000   *******      0.00
HeH+           1.38E-016   1.38E-016      1.00      0.00
He             1.40E-001   1.40E-001      1.00      0.00
H2+            5.69E-015   5.69E-015      1.00      0.00
CH+            6.79E-020   6.99E-020      0.00      0.00
C+             1.28E-011   1.26E-011      1.01      0.00
H+             1.82E-012   1.81E-012      1.01      0.00
CH2+           4.78E-018   4.76E-018      0.00      0.00
CH3+           6.78E-014   7.38E-014      1.09      0.00
CH4+           8.02E-019   8.73E-019      0.00      0.00
CH5+           6.31E-014   7.30E-014      1.16      0.00
H-             6.24E-014   8.32E-014      1.33      0.00
OH-            2.78E-014   0.00E+000   *******      0.00
C2+            2.68E-021   2.67E-021      0.00      0.00
CN-            2.26E-017   0.00E+000   *******      0.00
C2H2+          3.20E-017   3.44E-017      1.08      0.00
C2H3+          3.26E-014   5.75E-014      1.76      0.00
C2H4+          2.31E-016   4.97E-016      2.15      0.00
CO+            2.72E-016   2.70E-016      1.01      0.00
NH2+           3.05E-016   3.67E-016      1.20      0.00
C2H5+          5.96E-016   1.65E-015      2.77      0.00
Si+            2.15E-013   0.00E+000   *******      0.00
SiH+           2.57E-017   0.00E+000   *******      0.00
HCO+           6.03E-010   8.25E-010     1.3695     1.0000   *
CH3CH3+        2.28E-024   0.00E+000      0.00      0.00
NO+            3.79E-013   7.86E-013      2.07      0.00
SiH2+          1.28E-017   0.00E+000   *******      0.00
H3CO+          1.53E-015   7.67E-016      2.00      0.00
SiH3+          1.53E-019   0.00E+000      0.00      0.00
S+             2.05E-012   1.38E-012      1.49      0.00
HS+            1.44E-013   1.50E-013      1.04      0.00
H2S+           9.93E-016   1.00E-015      1.01      0.00
H3S+           1.57E-014   4.63E-014      2.96      0.00
C3+            7.74E-022   1.52E-022      0.00      0.00
C3H+           4.68E-019   4.46E-019      0.00      0.00
C3H2+          8.69E-017   1.10E-016      1.27      0.00
CH3CCH+        6.78E-019   3.81E-019      0.00      0.00
C3H3+          4.97E-016   5.69E-016      1.15      0.00
H2C3H+         3.87E-016   4.13E-016      1.07      0.00
SiC+           3.74E-025   0.00E+000      0.00      0.00
CH3CN          5.56E-014   7.38E-014      1.33      0.00
CH2CN+         1.62E-017   2.89E-017      1.79      0.00
HCSi+          5.49E-025   0.00E+000      0.00      0.00
SiN+           3.98E-018   0.00E+000      0.00      0.00
SiCH3          2.30E-017   0.00E+000   *******      0.00
SiCH2+         1.53E-020   0.00E+000      0.00      0.00
C3H7+          8.00E-029   0.00E+000      0.00      0.00
C3H6+          3.69E-031   0.00E+000      0.00      0.00
CO2+           5.07E-020   0.00E+000      0.00      0.00
HN2+           7.62E-012   8.34E-012     1.0942     1.0000   *
CS+            2.20E-019   1.73E-019      0.00      0.00
NO2+           1.98E-019   0.00E+000      0.00      0.00
SiOH+          9.92E-013   0.00E+000   *******      0.00
C4+            6.61E-022   2.93E-022      0.00      0.00
C4H+           2.00E-021   1.06E-021      0.00      0.00
C4H2+          1.81E-017   1.25E-017      1.45      0.00
C2N2+          1.32E-029   0.00E+000      0.00      0.00
HCN+           8.57E-020   1.40E-020      0.00      0.00
HC3NH+         1.16E-017   9.74E-019     11.90      0.00
SiC2H          8.14E-016   0.00E+000   *******      0.00
SiC2+          2.88E-025   0.00E+000      0.00      0.00
SiC2H+         1.37E-018   0.00E+000      0.00      0.00
SiS+           5.96E-018   0.00E+000      0.00      0.00
C5+            7.27E-026   3.99E-026      0.00      0.00
C5H+           5.95E-020   7.47E-020      0.00      0.00
SO2+           7.71E-018   0.00E+000      0.00      0.00
SO+            6.76E-013   7.33E-013      1.08      0.00
C5H3+          6.94E-020   8.71E-020      0.00      0.00
CH3C3N         1.67E-017   0.00E+000   *******      0.00
SiC3H          2.83E-018   0.00E+000      0.00      0.00
SiC3+          4.02E-021   0.00E+000      0.00      0.00
C6+            6.89E-025   1.01E-025      0.00      0.00
C6H+           4.84E-023   4.04E-024      0.00      0.00
C6H6+          5.71E-023   0.00E+000      0.00      0.00
C6H5+          9.45E-027   0.00E+000      0.00      0.00
C7+            1.28E-026   5.39E-027      0.00      0.00
C7H+           1.17E-022   6.38E-023      0.00      0.00
C7H3+          1.70E-023   0.00E+000      0.00      0.00
CH3C5N         1.93E-023   0.00E+000      0.00      0.00
C8+            1.18E-026   3.19E-027      0.00      0.00
C8H+           6.29E-029   1.50E-029      0.00      0.00
C9+            9.44E-030   0.00E+000      0.00      0.00
C9H+           1.87E-026   2.93E-031      0.00      0.00
CH3C7N         1.77E-026   0.00E+000      0.00      0.00
H3+            3.47E-011   3.54E-011     1.0200     1.0000   *
He+            4.69E-012   4.71E-012      1.01      0.00
NH+            6.38E-017   7.69E-017      1.21      0.00
N+             5.26E-016   5.39E-016      1.03      0.00
OH+            2.29E-015   2.23E-015      1.02      0.00
O+             6.35E-016   6.40E-016      1.01      0.00
O-             7.73E-019   0.00E+000      0.00      0.00
NH3+           1.06E-012   1.36E-012      1.28      0.00
H2O+           4.42E-015   4.29E-015      1.03      0.00
NH4+           3.17E-012   5.95E-012      1.88      0.00
H3O+           1.91E-010   2.49E-010      1.31      0.00
F+             5.03E-018   5.05E-018      0.00      0.00
HF+            1.47E-018   1.48E-018      0.00      0.00
H2F+           1.35E-012   1.84E-012      1.37      0.00
C2H+           4.24E-021   2.67E-021      0.00      0.00
CN+            8.12E-021   7.90E-021      0.00      0.00
HCNH+          2.61E-013   4.15E-013      1.59      0.00
HOC+           9.28E-016   9.24E-016      1.00      0.00
N2+            3.18E-017   3.18E-017      1.00      0.00
HNO+           1.62E-013   1.69E-012     10.37      0.00
O2H+           5.63E-016   5.82E-016      1.03      0.00
SiH4+          7.64E-031   0.00E+000      0.00      0.00
SiH5+          3.36E-023   0.00E+000      0.00      0.00
Cl+            1.60E-019   0.00E+000      0.00      0.00
HCl+           2.23E-019   0.00E+000      0.00      0.00
H2Cl+          8.14E-015   0.00E+000   *******      0.00
CH3CN+         1.38E-021   2.69E-021      0.00      0.00
CH3CNH+        1.57E-016   3.58E-016      2.29      0.00
CP+            8.95E-027   0.00E+000      0.00      0.00
HCP+           5.23E-024   0.00E+000      0.00      0.00
HNSi+          1.70E-023   0.00E+000      0.00      0.00
SiNH2+         1.38E-015   0.00E+000   *******      0.00
PCH2+          4.83E-017   0.00E+000   *******      0.00
HCO2+          5.48E-014   2.00E-013      3.65      0.00
HCS+           8.78E-015   1.05E-014      1.20      0.00
SiO+           2.80E-019   0.00E+000      0.00      0.00
C3N+           1.96E-024   8.65E-026      0.00      0.00
HC3N+          7.34E-022   4.74E-023      0.00      0.00
NCCNH+         4.62E-019   0.00E+000      0.00      0.00
C3O+           1.21E-022   0.00E+000      0.00      0.00
HC3O+          1.73E-015   0.00E+000   *******      0.00
H3C3N+         1.55E-022   0.00E+000      0.00      0.00
H4C3N+         7.35E-021   0.00E+000      0.00      0.00
C2S+           2.18E-023   7.53E-024      0.00      0.00
HC2S+          2.26E-016   1.42E-016      1.59      0.00
C5H2+          5.68E-021   0.00E+000      0.00      0.00
C4N+           2.06E-022   9.01E-024      0.00      0.00
HC4N+          2.52E-025   0.00E+000      0.00      0.00
H2C4N+         2.54E-025   0.00E+000      0.00      0.00
HSO2+          9.13E-014   1.14E-013      1.24      0.00
CH3C3N+        2.54E-025   0.00E+000      0.00      0.00
CH3C3NH+       7.79E-021   0.00E+000      0.00      0.00
C6H2+          9.47E-022   9.59E-023      0.00      0.00
C5N+           2.04E-027   0.00E+000      0.00      0.00
HC5N+          3.73E-027   0.00E+000      0.00      0.00
H2C5N+         4.73E-021   0.00E+000      0.00      0.00
C7H2+          3.39E-025   0.00E+000      0.00      0.00
C8H2+          8.97E-025   2.74E-025      0.00      0.00
C7N+           4.00E-030   0.00E+000      0.00      0.00
HC7N+          1.26E-027   0.00E+000      0.00      0.00
H2C7N+         5.72E-025   0.00E+000      0.00      0.00
C9H2+          2.45E-028   0.00E+000      0.00      0.00
C9N+           6.40E-034   0.00E+000      0.00      0.00
HC9N+          2.03E-031   0.00E+000      0.00      0.00
H2C9N+         8.69E-029   0.00E+000      0.00      0.00
Na             1.48E-010   1.09E-010      1.36      0.00
Na+            2.85E-009   2.89E-009      1.01      0.00
Mg             2.36E-010   3.00E-009     12.73      0.00
Mg+            2.76E-009   0.00E+000   *******      0.00
H2CO+          3.20E-015   4.59E-015      1.43      0.00
PH+            9.75E-015   0.00E+000   *******      0.00
H2NO+          7.95E-016   0.00E+000   *******      0.00
PH2+           6.13E-017   0.00E+000   *******      0.00
CH3OH2+        7.72E-019   1.38E-018      0.00      0.00
PH3+           2.09E-016   0.00E+000   *******      0.00
HCl            1.17E-009   0.00E+000   *******      0.00
C2NH+          1.47E-016   6.90E-017      2.12      0.14
HC2O+          4.99E-015   1.83E-014      3.66      0.13
CH3CO+         1.18E-015   2.11E-015      1.79      0.00
NH2CNH+        2.11E-016   4.13E-016      1.96      0.00
SiCH3+         1.28E-020   0.00E+000      0.00      0.00
SiCH4+         1.16E-020   0.00E+000      0.00      0.00
HN2O+          3.93E-015   0.00E+000   *******      0.00
CH3CHOH+       2.72E-016   4.97E-016      1.83      0.00
HPN+           6.80E-013   0.00E+000   *******      0.00
H2CS+          2.47E-017   9.98E-017      4.04      0.00
PCH4+          1.31E-018   0.00E+000      0.00      0.00
C2H5OH         5.91E-016   0.00E+000   *******      0.00
CH3OCH3        2.82E-021   0.00E+000      0.00      0.00
CH3OCH4+       3.87E-024   0.00E+000      0.00      0.00
HNS+           8.08E-018   0.00E+000      0.00      0.00
H3CS+          3.35E-015   2.97E-015      1.13      0.00
H3SiO+         5.33E-021   0.00E+000      0.00      0.00
HPO+           3.91E-014   0.00E+000   *******      0.00
H2PO+          8.08E-017   0.00E+000   *******      0.00
HSO+           1.38E-012   2.05E-012      1.49      0.00
C4H3+          5.33E-018   9.29E-018      0.00      0.00
C4H4+          1.07E-018   0.00E+000      0.00      0.00
SiC2H2+        4.91E-019   0.00E+000      0.00      0.00
SiNCH+         2.93E-022   0.00E+000      0.00      0.00
SiC2H3+        5.06E-019   0.00E+000      0.00      0.00
HC2P+          7.35E-020   0.00E+000      0.00      0.00
Fe             2.79E-010   2.03E-010     1.3772     1.0000   *
Fe+            2.72E-009   2.80E-009      1.03      0.00
PC2H2+         3.56E-019   0.00E+000      0.00      0.00
CH3COCH3       7.68E-020   0.00E+000      0.00      0.00
C3H5+          4.85E-017   0.00E+000   *******      0.00
CH3COCH4+      1.54E-022   0.00E+000      0.00      0.00
HCOOCH3        1.26E-024   0.00E+000      0.00      0.00
H5C2O2+        2.28E-027   0.00E+000      0.00      0.00
HOCS+          2.27E-014   2.99E-014      1.32      0.00
HSiO2+         3.38E-015   0.00E+000   *******      0.00
SiS            1.80E-017   0.00E+000   *******      0.00
HSiS+          3.08E-020   0.00E+000      0.00      0.00
C5H5+          2.17E-020   3.22E-020      0.00      0.00
SiC3H+         1.67E-019   0.00E+000      0.00      0.00
HS2+           6.02E-019   0.00E+000      0.00      0.00
SiC3H2+        2.69E-021   0.00E+000      0.00      0.00
HS2            4.05E-014   0.00E+000   *******      0.00
H2S2+          4.35E-017   0.00E+000   *******      0.00
H2S2           4.33E-015   0.00E+000   *******      0.00
H3S2+          5.24E-018   0.00E+000      0.00      0.00
PC3H+          5.71E-021   0.00E+000      0.00      0.00
HC3S+          5.63E-018   1.88E-018      0.00      0.00
C6H3+          2.24E-021   1.64E-021      0.00      0.00
SiC4H+         9.04E-025   0.00E+000      0.00      0.00
C6H6           1.99E-019   0.00E+000      0.00      0.00
C6H7+          2.46E-023   0.00E+000      0.00      0.00
PC4H+          1.39E-021   0.00E+000      0.00      0.00
C4S            5.99E-017   0.00E+000   *******      0.00
HC4S+          5.54E-020   0.00E+000      0.00      0.00
C7H5+          4.69E-024   0.00E+000      0.00      0.00
CH3C5NH+       9.40E-027   0.00E+000      0.00      0.00
C8H3+          3.93E-025   0.00E+000      0.00      0.00
C9H3+          7.55E-027   0.00E+000      0.00      0.00
CH3C7NH+       8.71E-030   0.00E+000      0.00      0.00
P+             2.00E-015   0.00E+000   *******      0.00
O2+            3.41E-011   4.55E-011      1.34      0.00
PO+            1.17E-013   0.00E+000   *******      0.00
C2N+           2.76E-015   3.48E-015      1.26      0.00
S2+            1.46E-016   1.18E-016      1.24      0.00
CCP+           2.71E-019   0.00E+000      0.00      0.00
H2NC+          1.73E-013   2.83E-013      1.63      0.00
CF+            2.23E-012   2.96E-012      1.33      0.00
CNC+           1.40E-015   1.67E-015      1.19      0.00
C-             2.07E-021   0.00E+000      0.00      0.00
CCl+           5.88E-015   0.00E+000   *******      0.00
SiNC+          1.98E-017   0.00E+000   *******      0.00
E-             9.24E-009   6.89E-009     1.3409     1.0000   *
C3S+           3.14E-020   8.67E-021      0.00      0.00
SiC4+          6.30E-023   0.00E+000      0.00      0.00
H3C5N+         1.19E-023   0.00E+000      0.00      0.00
H3C7N+         8.03E-027   0.00E+000      0.00      0.00
C10+           2.15E-028   3.01E-033      0.00      0.00
H3C9N+         6.99E-031   0.00E+000      0.00      0.00
CH2CO+         7.87E-017   1.79E-017      4.40      0.00
NS+            1.08E-015   0.00E+000   *******      0.00
C4H5+          4.99E-021   0.00E+000      0.00      0.00
CH3C4H+        7.60E-021   0.00E+000      0.00      0.00
CH3C6H+        2.26E-024   0.00E+000      0.00      0.00
C9H4+          1.13E-027   0.00E+000      0.00      0.00
CH4N+          4.10E-016   0.00E+000   *******      0.00
OCN+           3.69E-016   0.00E+000   *******      0.00
H2CCl+         4.94E-017   0.00E+000   *******      0.00
H2SiO+         9.21E-020   0.00E+000      0.00      0.00
PN+            1.25E-015   0.00E+000   *******      0.00
OCS+           9.74E-016   0.00E+000   *******      0.00
PCH3+          2.21E-017   0.00E+000   *******      0.00
HCOOH2+        3.30E-013   6.76E-013      2.05      0.00
C6H4+          2.72E-022   0.00E+000      0.00      0.00
C8H4+          5.02E-026   0.00E+000      0.00      0.00
C2H7+          8.17E-025   0.00E+000      0.00      0.00
PNH2+          1.60E-017   0.00E+000   *******      0.00
PNH3+          2.79E-017   0.00E+000   *******      0.00
CH2NH2+        4.07E-016   5.85E-016      1.44      0.00
C2H5OH2+       8.61E-019   0.00E+000      0.00      0.00
HNCO+          2.08E-022   0.00E+000      0.00      0.00
N2O+           3.26E-015   0.00E+000   *******      0.00
SiF+           1.33E-014   0.00E+000   *******      0.00
C2O+           3.26E-020   0.00E+000      0.00      0.00
C4H7+          1.25E-023   0.00E+000      0.00      0.00
PC2H3+         8.97E-021   0.00E+000      0.00      0.00
CH3CS+         3.34E-019   0.00E+000      0.00      0.00
PC2H4+         4.44E-023   0.00E+000      0.00      0.00
CH3COCH3+      1.81E-024   0.00E+000      0.00      0.00
C4S+           5.28E-022   0.00E+000      0.00      0.00
CH3OH+         3.30E-020   1.52E-020      0.00      0.00
CH3CHO+        1.44E-018   1.63E-018      0.00      0.00
C2H5OH+        8.33E-021   0.00E+000      0.00      0.00
CH3OCH3+       3.56E-026   0.00E+000      0.00      0.00
COOCH4+        2.23E-029   0.00E+000      0.00      0.00
C4P+           7.58E-027   0.00E+000      0.00      0.00
ClO+           0.00E+000   0.00E+000      0.00      0.00
S-             1.29E-017   0.00E+000   *******      0.00
HCOOH+         3.14E-028   0.00E+000      0.00      0.00
C3H2O+         1.36E-020   0.00E+000      0.00      0.00
H3C3O+         6.18E-017   0.00E+000   *******      0.00
NCCNCH3+       2.86E-025   0.00E+000      0.00      0.00
C8H5+          4.12E-028   0.00E+000      0.00      0.00
C9H5+          5.36E-030   0.00E+000      0.00      0.00
