H              6.92E-007   6.92E-007        1.00        0.00 *
H2             5.00E-001   5.00E-001        1.00        0.00
D              3.52E-011   3.54E-011        1.01        0.00 *
D2             1.92E-008   1.94E-008        1.01        0.00
CH2            2.04E-013   1.87E-013        1.09        0.04
CH             3.24E-013   3.81E-013        1.18        0.07
CD             2.20E-016   2.74E-016        1.25        0.10
HD             2.00E-005   2.00E-005        1.00        0.00
CHD            2.13E-016   2.05E-016        1.04        0.02
CD2            1.20E-019   1.17E-019        0.00        0.01
CH5+           4.58E-014   3.79E-014        1.21        0.08
CH4+           1.25E-018   1.05E-018        1.19        0.07
CH3D+          2.22E-021   1.94E-021        0.00        0.06
CH4D+          1.24E-016   1.07E-016        1.16        0.07
CH2D2+         2.73E-024   2.39E-024        0.00        0.06
CH3D2+         2.63E-019   2.27E-019        0.00        0.06
CHD3+          3.11E-027   3.28E-027        0.00        0.02
CH2D3+         6.40E-022   5.70E-022        0.00        0.05
CD4+           3.17E-032   3.30E-032        0.00        0.02
CHD4+          1.93E-026   1.79E-026        0.00        0.03
CD5+           6.74E-030   6.28E-030        0.00        0.03
H2+            5.69E-015   5.69E-015        1.00        0.00
H3+            3.47E-011   3.44E-011        1.01        0.00 *
HD+            2.27E-019   2.27E-019        0.00        0.00
H2D+           1.25E-014   1.24E-014        1.01        0.00 *
D2+            2.18E-022   2.20E-022        0.00        0.00
HD2+           8.71E-018   8.71E-018        1.00        0.00 *
D3+            6.55E-021   6.57E-021        0.00        0.00 *
CH2+           4.15E-018   4.11E-018        1.01        0.00
CH3+           9.26E-014   8.19E-014        1.13        0.05
CH2D+          2.22E-016   1.97E-016        1.13        0.05
CHD+           3.01E-022   2.82E-022        0.00        0.03
CHD2+          3.20E-019   2.83E-019        0.00        0.05
CD2+           2.22E-025   2.15E-025        0.00        0.01
CD3+           5.13E-022   4.55E-022        0.00        0.05
CH+            7.82E-020   6.06E-020        0.00        0.11
CD+            2.63E-023   2.23E-023        0.00        0.07
H2O+           4.51E-015   4.50E-015        1.00        0.00
H3O+           2.56E-010   1.67E-010        1.53        0.19
H2DO+          3.51E-014   2.61E-014        1.35        0.13
HDO+           4.79E-019   4.80E-019        0.00        0.00
HD2O+          8.46E-018   6.15E-018        1.38        0.14
D2O+           1.20E-022   1.21E-022        0.00        0.00
D3O+           4.81E-022   4.14E-022        0.00        0.07
OH+            2.32E-015   2.32E-015        1.00        0.00
OD+            1.73E-019   1.73E-019        0.00        0.00
E-             9.96E-009   1.52E-008        1.53        0.18
OH             1.92E-009   1.89E-009        1.02        0.01 *
OD             1.01E-013   1.11E-013        1.11        0.04 *
O              2.11E-005   2.14E-005        1.01        0.00
CO             7.29E-005   7.28E-005        1.00        0.00 *
C2H+           2.05E-021   2.53E-021        0.00        0.09
C2H2+          2.36E-017   2.00E-017        1.18        0.07
C2HD+          5.87E-020   4.96E-020        0.00        0.07
C2D+           4.14E-025   5.95E-025        0.00        0.16
C2D2+          1.31E-023   1.16E-023        0.00        0.05
H2O            1.13E-007   1.63E-007        1.44        0.16 *
HDO            1.02E-011   1.69E-011        1.65        0.22 *
D2O            1.22E-015   1.98E-015        1.63        0.21 *
C2H3+          3.71E-014   2.15E-014        1.73        0.24
C2H2D+         5.79E-017   3.76E-017        1.54        0.19
C2HD2+         3.83E-020   2.54E-020        0.00        0.18
C2D3+          2.85E-023   2.40E-023        0.00        0.07
HCO            5.64E-013   6.31E-013        1.12        0.05
DCO            8.32E-017   7.96E-017        1.05        0.02
C              2.10E-011   2.11E-011        1.00        0.00
C2H            6.29E-013   5.47E-013        1.15        0.06 *
C2D            3.26E-016   3.18E-016        1.02        0.01 *
HCO+           9.02E-010   5.84E-010        1.54        0.19 *
DCO+           1.10E-013   6.92E-014        1.58        0.20 *
He+            4.61E-012   4.62E-012        1.00        0.00
C+             1.28E-011   1.27E-011        1.00        0.00
He             1.40E-001   1.40E-001        1.00        0.00
CH4            2.13E-008   1.80E-008        1.18        0.07 *
CH3D           4.62E-011   4.05E-011        1.14        0.06 *
CH2D2          7.34E-014   6.45E-014        1.14        0.06 *
CHD3           1.18E-016   1.27E-016        1.07        0.03
CD4            1.80E-021   1.94E-021        0.00        0.03
HOC+           9.17E-016   9.21E-016        1.00        0.00
DOC+           5.49E-020   5.52E-020        0.00        0.00
CO2            1.12E-007   9.80E-008        1.14        0.06 *
HCO2+          1.14E-013   8.16E-014        1.40        0.15
DCO2+          2.62E-017   1.75E-017        1.50        0.18
CO+            2.71E-016   2.69E-016        1.01        0.00
H+             2.03E-012   2.02E-012        1.00        0.00
D+             3.76E-019   3.74E-019        0.00        0.00
CO2+           1.31E-019   1.15E-019        0.00        0.06
O+             6.28E-016   6.25E-016        1.00        0.00
O2             4.08E-005   4.07E-005        1.00        0.00 *
C3H2+          9.14E-017   8.58E-017        1.07        0.03
C3HD+          2.76E-020   3.58E-020        0.00        0.11
H2C3H+         1.81E-016   1.94E-016        1.08        0.03
C2H2           9.35E-011   1.17E-010        1.25        0.10
HDC3H+         6.03E-020   7.45E-020        0.00        0.09
C2HD           9.41E-014   1.42E-013        1.51        0.18
H2C3D+         3.01E-020   3.93E-020        0.00        0.12
H2CO+          5.64E-015   3.58E-015        1.57        0.20
HDCO+          8.98E-018   6.13E-018        1.46        0.17
D2CO+          8.29E-021   5.00E-021        0.00        0.22
Na             7.44E-011   1.48E-010        2.00        0.30
Na+            2.93E-009   2.85E-009        1.03        0.01
N              1.33E-007   1.54E-007        1.15        0.06
NO             3.73E-008   3.99E-008        1.07        0.03
H2O2           4.50E-042   3.24E-042        0.00        0.14 *
HDO2           5.69E-045   4.48E-045        0.00        0.10 *
D2O2           0.00E+000   0.00E+000        0.00        -Inf
H2CO           1.07E-013   1.21E-013        1.14        0.06 *
O2H            7.95E-012   5.02E-012        1.58        0.20 *
HDCO           1.17E-016   1.46E-016        1.25        0.10 *
O2D            6.32E-015   4.29E-015        1.47        0.17 *
NH             3.74E-011   4.95E-011        1.32        0.12
ND             4.00E-015   5.42E-015        1.35        0.13
N2O            4.26E-010   5.91E-010        1.39        0.14
N2             1.06E-005   1.06E-005        1.00        0.00
HPO+           6.66E-014   2.17E-014        3.08        0.49
PH+            1.60E-014   6.35E-015        2.52        0.40
CH3OH          1.69E-015   2.99E-015        1.77        0.25 *
CH3OH2+        1.22E-017   1.02E-017        1.20        0.08 *
CH2DOH2+       5.77E-020   4.82E-020        0.00        0.08 *
CH3OHD+        3.16E-021   2.91E-021        0.00        0.03 *
CH2DOH         3.92E-018   7.85E-018        2.00        0.30 !
CH3OD          1.31E-018   2.62E-018        2.00        0.30 !
CHD2OH2+       1.23E-022   1.04E-022        0.00        0.07 *
CH2DOHD+       9.59E-024   8.99E-024        0.00        0.03 *
CH3OD2+        6.99E-025   6.34E-025        0.00        0.04 *
CHD2OH         1.88E-020   3.47E-020        0.00        0.27 *
CH2DOD         1.88E-020   3.47E-020        0.00        0.27 *
CD3OH2+        2.64E-025   2.22E-025        0.00        0.07 *
CHD2OHD+       1.75E-026   1.65E-026        0.00        0.03 *
CH2DOD2+       2.55E-027   2.29E-027        0.00        0.05 *
CD3OH          9.84E-024   1.72E-023        0.00        0.24 *
CHD2OD         2.95E-023   5.17E-023        0.00        0.24 *
CD3OHD+        3.00E-029   2.87E-029        0.00        0.02 *
CHD2OD2+       2.45E-030   2.32E-030        0.00        0.02 *
CD3OD          2.47E-027   4.87E-027        0.00        0.29 *
CD3OD2+        3.56E-033   3.37E-033        0.00        0.02 *
CH3            7.92E-014   9.07E-014        1.15        0.06
CH2D           1.29E-016   1.62E-016        1.26        0.10
CHD2           1.37E-019   1.70E-019        0.00        0.10
D2CO           6.33E-020   7.84E-020        0.00        0.09 *
CD3            1.15E-022   1.42E-022        0.00        0.09
H3CO+          2.29E-015   1.30E-015        1.75        0.24
H2DCO+         5.09E-018   3.33E-018        1.53        0.18
HD2CO+         6.96E-021   5.22E-021        0.00        0.12
D3CO+          1.06E-023   6.15E-024        0.00        0.24
CH3CHO         2.86E-014   3.46E-014        1.21        0.08
CH2DCHO        6.24E-017   1.22E-016        1.96        0.29
CH3CDO         2.08E-017   3.22E-017        1.55        0.19
CHD2CHO        3.29E-019   5.39E-019        0.00        0.21
CH2DCDO        3.29E-019   5.39E-019        0.00        0.21
CD3CHO         1.70E-023   2.74E-023        0.00        0.21
CHD2CDO        5.10E-023   8.22E-023        0.00        0.21
CD3CDO         8.58E-027   0.00E+000        0.00       73.93
OH-            4.24E-014   6.21E-014        1.46        0.17
OD-            1.37E-018   0.00E+000    ********       82.14
C2H5+          5.37E-016   3.12E-016        1.72        0.24
C2H4D+         1.58E-018   1.16E-018        1.37        0.14
C2H3D2+        2.04E-021   1.77E-021        0.00        0.06
C2H2D3+        2.70E-024   2.54E-024        0.00        0.03
C2HD4+         1.87E-027   1.38E-027        0.00        0.13
C2D5+          6.39E-031   4.24E-031        0.00        0.18
NH3            1.39E-008   1.84E-008        1.32        0.12 *
NH4+           3.97E-012   2.32E-012        1.71        0.23
NH2D           2.05E-012   3.89E-012        1.90        0.28 *
NH3D+          7.80E-016   6.49E-016        1.20        0.08
NHD2           2.88E-016   5.61E-016        1.95        0.29 *
NH2D2+         1.64E-019   1.40E-019        0.00        0.07
ND3            1.50E-020   3.94E-020        0.00        0.42 *
NHD3+          1.72E-023   1.98E-023        0.00        0.06
ND4+           8.99E-028   9.88E-028        0.00        0.04
NH2+           2.99E-016   3.00E-016        1.00        0.00
NHD+           1.21E-020   1.29E-020        0.00        0.03
ND2+           3.90E-024   3.96E-024        0.00        0.01
H2NC+          1.58E-013   1.36E-013        1.16        0.06
HDNC+          1.59E-017   1.95E-017        1.23        0.09
D2NC+          1.37E-021   1.57E-021        0.00        0.06
NH3+           1.47E-012   1.33E-012        1.10        0.04
NH2D+          9.73E-017   1.00E-016        1.03        0.01
NHD2+          3.83E-020   3.77E-020        0.00        0.01
ND3+           8.16E-025   8.61E-025        0.00        0.02
CH4N+          5.09E-016   3.91E-016        1.30        0.12
CH3DN+         8.67E-019   9.99E-019        0.00        0.06
CH2D2N+        7.82E-022   8.26E-022        0.00        0.02
CHD3N+         6.22E-025   7.20E-025        0.00        0.06
CD4N+          3.03E-029   0.00E+000        0.00       71.48
Mg             1.04E-010   2.13E-010        2.04        0.31
Mg+            2.90E-009   2.79E-009        1.04        0.02
CH3CN          3.77E-014   8.66E-014        2.30        0.36 !
CH3CNH+        1.38E-016   1.42E-016        1.03        0.01
CH2DCNH+       7.33E-020   8.36E-020        0.00        0.06
CH3CND+        2.44E-020   2.75E-020        0.00        0.05
CH2DCN         6.32E-017   1.45E-016        2.30        0.36 !
CHD2CNH+       4.70E-023   5.34E-023        0.00        0.05
CH2DCND+       4.70E-023   5.43E-023        0.00        0.06
CHD2CN         1.59E-019   2.80E-019        0.00        0.25 *
CD3CNH+        3.24E-026   1.11E-027        0.00        1.47
CHD2CND+       9.72E-026   1.06E-025        0.00        0.04
CD3CN          1.10E-022   1.39E-022        0.00        0.10 *
CD3CND+        1.15E-029   5.29E-031        0.00        1.34
CN             3.75E-013   4.83E-013        1.29        0.11
CN+            4.19E-021   7.20E-021        0.00        0.24
CH3CN+         9.05E-022   1.41E-021        0.00        0.19
CH2DCN+        4.30E-025   8.55E-025        0.00        0.30
CHD2CN+        1.71E-028   1.20E-028        0.00        0.15
CD3CN+         4.42E-032   5.95E-032        0.00        0.13
HCN            7.55E-011   1.43E-010        1.89        0.28 *
HCNH+          2.68E-013   2.26E-013        1.18        0.07
DCNH+          2.36E-017   2.09E-017        1.13        0.05
HCND+          2.36E-017   2.08E-017        1.13        0.05
DCN            6.92E-015   1.36E-014        1.97        0.29 *
DCND+          1.37E-021   1.51E-021        0.00        0.04
CNC+           9.35E-016   1.16E-015        1.24        0.09
HCN+           5.80E-020   8.03E-020        0.00        0.14
DCN+           2.70E-024   5.08E-024        0.00        0.27
C4H2+          4.89E-018   7.97E-018        1.63        0.21
C3H+           4.14E-019   5.19E-019        0.00        0.10
C6H2+          2.35E-022   3.10E-022        0.00        0.12
C5H+           1.84E-020   1.70E-020        0.00        0.03
HNC            1.40E-010   2.68E-010        1.92        0.28 *
DNC            9.80E-015   2.22E-014        2.26        0.35 !
C2N+           1.81E-015   2.28E-015        1.26        0.10
HN2+           8.14E-012   7.27E-012        1.12        0.05 *
DN2+           9.42E-016   8.40E-016        1.12        0.05 *
S              5.54E-009   5.62E-009        1.02        0.01
HS+            1.35E-013   8.90E-014        1.51        0.18
DS+            1.63E-017   1.06E-017        1.54        0.19
N2+            3.13E-017   3.13E-017        1.00        0.00
H2S            9.23E-012   8.75E-012        1.06        0.02 *
H3S+           1.11E-014   4.73E-015        2.34        0.37
H2DS+          2.14E-018   9.16E-019        2.34        0.37
HDS            1.18E-015   1.12E-015        1.06        0.02 *
HD2S+          4.12E-022   2.29E-022        0.00        0.25
D2S            1.14E-019   1.50E-019        0.00        0.12
D3S+           4.13E-026   1.98E-026        0.00        0.32
S+             1.76E-012   1.25E-012        1.40        0.15
HCS+           3.30E-015   1.88E-015        1.75        0.24
DCS+           2.24E-019   1.08E-019        0.00        0.31
H2S+           7.54E-016   4.45E-016        1.69        0.23
HDS+           4.75E-020   2.63E-020        0.00        0.26
D2S+           2.41E-023   1.51E-023        0.00        0.20
H3CS+          2.79E-015   1.10E-015        2.55        0.41
H2DCS+         3.63E-018   1.46E-018        2.49        0.40
HD2CS+         2.55E-021   1.27E-021        0.00        0.30
D3CS+          1.96E-024   9.79E-025        0.00        0.30
HF             2.00E-008   2.00E-008        1.00        0.00 *
F+             3.50E-018   3.50E-018        1.00        0.00
DF             1.02E-012   1.01E-012        1.00        0.00 *
H2F+           1.25E-012   8.12E-013        1.54        0.19
HDF+           2.48E-016   1.60E-016        1.54        0.19
D2F+           5.44E-020   3.52E-020        0.00        0.19
CF+            2.55E-012   1.67E-012        1.53        0.18
F              1.30E-014   1.29E-014        1.01        0.00
C3             2.13E-013   4.21E-013        1.98        0.30
C2N            1.84E-014   1.57E-014        1.17        0.07
C3H2           7.22E-013   1.82E-012        2.52        0.40 !
C4H            1.09E-016   2.18E-016        2.00        0.30
C3HD           2.56E-016   6.38E-016        2.49        0.40 !
C4D            6.74E-017   9.49E-017        1.41        0.15
C3H3+          2.25E-016   2.50E-016        1.11        0.05
C3H2D+         4.93E-020   5.68E-020        0.00        0.06
C3HD2+         6.13E-024   6.08E-024        0.00        0.00
C3D2           1.69E-019   2.75E-019        0.00        0.21
C3D3+          1.66E-027   1.79E-027        0.00        0.03
C2H3           3.23E-016   2.84E-016        1.14        0.06
C2H2D          6.05E-019   6.60E-019        0.00        0.04
C2HD2          3.36E-022   4.41E-022        0.00        0.12
C2D3           1.44E-025   2.04E-025        0.00        0.15
HCOOH          5.44E-010   4.80E-010        1.13        0.05 *
DCOOH          7.98E-014   5.97E-014        1.34        0.13 *
HCOOD          7.98E-014   5.97E-014        1.34        0.13 *
DCOOD          5.31E-017   3.24E-017        1.64        0.21 *
HCOOH2+        3.32E-013   1.32E-013        2.52        0.40
DCOOH2+        5.61E-018   2.73E-018        2.06        0.31
HCOOHD+        1.12E-017   5.46E-018        2.06        0.31
DCOOHD+        7.58E-021   3.01E-021        0.00        0.40
HCOOD2+        3.78E-021   1.50E-021        0.00        0.40
DCOOD2+        8.60E-024   3.96E-024        0.00        0.34
HeH+           1.38E-016   1.38E-016        1.00        0.00
HeD+           2.76E-021   2.76E-021        0.00        0.00
C2H4+          9.43E-017   5.77E-017        1.63        0.21
C2H3D+         3.41E-019   2.30E-019        0.00        0.17
C2H2D2+        6.86E-023   5.62E-023        0.00        0.09
C2HD3+         1.54E-026   1.26E-026        0.00        0.09
C2D4+          3.13E-030   0.00E+000        0.00       70.50
C2+            1.29E-021   1.60E-021        0.00        0.09
O2+            5.45E-011   3.57E-011        1.53        0.18
C3+            1.89E-022   1.64E-022        0.00        0.06
C3D2+          2.62E-024   2.65E-024        0.00        0.00
C3D+           1.74E-022   2.62E-022        0.00        0.18
C2D2           1.84E-016   2.05E-016        1.12        0.05
C2O            7.09E-015   4.09E-015        1.73        0.24
C2             8.98E-015   1.01E-014        1.13        0.05
Fe             1.51E-010   2.90E-010        1.93        0.28
Fe+            2.85E-009   2.71E-009        1.05        0.02
C4H+           4.53E-022   1.01E-021        0.00        0.35
C4D+           4.54E-026   9.13E-026        0.00        0.30
C4+            1.40E-022   2.87E-022        0.00        0.31
C4HD+          9.01E-022   9.93E-022        0.00        0.04
D2C3H+         2.65E-023   1.79E-023        0.00        0.17
HDC3D+         5.31E-023   3.61E-023        0.00        0.17
D2C3D+         3.21E-026   2.32E-026        0.00        0.14
C3H            2.43E-015   3.49E-015        1.44        0.16
C3D            6.73E-019   1.12E-018        0.00        0.22
CH3CHOH+       7.95E-017   4.21E-017        1.89        0.28
CH2DCHOH+      4.76E-020   3.48E-020        0.00        0.14
CH3CDOH+       1.59E-020   1.47E-020        0.00        0.03
CH3CHOD+       1.59E-020   1.59E-020        0.00        0.00
CHD2CHOH+      3.99E-023   2.41E-023        0.00        0.22
CH2DCDOH+      3.99E-023   2.41E-023        0.00        0.22
CH2DCHOD+      3.99E-023   2.41E-023        0.00        0.22
CH3CDOD+       1.33E-023   8.03E-024        0.00        0.22
CD3CHOH+       2.06E-027   1.45E-027        0.00        0.15
CHD2CDOH+      6.18E-027   4.36E-027        0.00        0.15
CHD2CHOD+      6.18E-027   4.36E-027        0.00        0.15
CH2DCDOD+      6.18E-027   4.36E-027        0.00        0.15
CD3CDOH+       1.04E-030   0.00E+000        0.00       70.02
CD3CHOD+       1.04E-030   0.00E+000        0.00       70.02
CHD2CDOD+      3.12E-030   0.00E+000        0.00       70.49
CD3CDOD+       5.49E-034   0.00E+000        0.00       66.74
H-             6.57E-014   6.50E-014        1.01        0.00
C-             5.83E-021   8.94E-021        0.00        0.19
NH+            6.27E-017   6.27E-017        1.00        0.00
ND+            1.26E-021   1.48E-021        0.00        0.07
D-             1.49E-018   1.50E-018        1.01        0.00
N+             2.21E-016   2.21E-016        1.00        0.00
PH             7.78E-013   5.53E-013        1.41        0.15
P              4.70E-010   3.26E-010        1.44        0.16
P+             1.67E-015   1.39E-015        1.20        0.08
PO+            2.39E-013   6.67E-014        3.57        0.55
O-             8.66E-019   1.34E-018        0.00        0.19
NH2            2.46E-011   2.32E-011        1.06        0.03
NHD            2.27E-015   3.11E-015        1.37        0.14
ND2            1.74E-019   2.28E-019        0.00        0.12
CH2CN          1.13E-012   1.78E-012        1.58        0.20
CHDCN          4.10E-016   7.13E-016        1.74        0.24
CD2CN          1.70E-019   3.29E-019        0.00        0.29
C5+            1.31E-026   4.33E-027        0.00        0.48
C6             1.63E-021   3.31E-021        0.00        0.31
C6H            2.71E-020   5.15E-020        0.00        0.28
C7+            1.12E-027   3.19E-027        0.00        0.46
C7H+           1.13E-023   2.23E-023        0.00        0.30
C5H            1.24E-018   1.80E-018        1.44        0.16
C6H+           1.10E-023   2.12E-023        0.00        0.29
C6+            1.53E-025   3.03E-025        0.00        0.30
C4             4.65E-020   5.28E-020        0.00        0.06
CS+            1.63E-019   1.65E-019        0.00        0.00
SO+            7.90E-013   3.96E-013        1.99        0.30
NO+            4.79E-013   2.54E-013        1.89        0.28
HS             1.28E-012   8.09E-013        1.59        0.20
DS             8.60E-017   5.37E-017        1.60        0.20
H2S2+          2.59E-017   7.46E-018        3.47        0.54
HDS2+          4.03E-021   1.17E-021        0.00        0.54
D2S2+          1.87E-025   6.98E-026        0.00        0.43
Si             3.20E-013   2.18E-013        1.47        0.17
Si+            2.15E-013   1.96E-013        1.10        0.04
CS             8.68E-012   8.23E-012        1.05        0.02
NS+            1.15E-015   7.27E-016        1.58        0.20
H2CS           7.43E-012   6.54E-012        1.14        0.06
HDCS           6.45E-015   5.77E-015        1.12        0.05
D2CS           1.87E-017   1.55E-017        1.21        0.08
HF+            1.02E-018   1.02E-018        1.00        0.00
DF+            2.05E-023   0.00E+000        0.00       77.31
C2NH+          2.18E-016   9.99E-017        2.18        0.34
C2ND+          1.10E-019   0.00E+000        0.00       81.04
H2CN           2.47E-016   3.24E-016        1.31        0.12
HDCN           2.69E-019   3.86E-019        0.00        0.16
D2CN           1.43E-022   2.03E-022        0.00        0.15
C5             6.20E-017   1.24E-016        2.00        0.30
CH2CO          1.43E-012   1.91E-012        1.34        0.13
CHDCO          4.75E-015   6.46E-015        1.36        0.13
CD2CO          1.85E-017   2.29E-017        1.24        0.09
HC2O+          7.75E-015   2.97E-015        2.61        0.42
DC2O+          4.02E-018   1.73E-018        2.32        0.37
PO             3.84E-010   2.49E-010        1.54        0.19
CP             3.11E-016   1.33E-016        2.34        0.37
PH2+           9.25E-017   3.42E-017        2.70        0.43
HNO            2.03E-011   1.91E-011        1.06        0.03
DNO            9.36E-016   1.28E-015        1.37        0.14
HC3N           3.87E-014   4.38E-014        1.13        0.05
DC3N           1.43E-016   1.20E-016        1.19        0.08
C7             1.13E-019   4.95E-019        0.00        0.64
C8+            7.57E-028   2.85E-027        0.00        0.58
C5H2+          8.65E-021   5.45E-021        0.00        0.20
NS             1.62E-014   1.71E-014        1.05        0.02
HS2            1.76E-014   1.19E-014        1.48        0.17
DS2            1.33E-018   9.20E-019        1.45        0.16
SiH+           4.89E-017   1.96E-017        2.50        0.40
SiOH+          1.29E-012   5.68E-013        2.26        0.35
SiCH2+         8.73E-021   7.41E-021        0.00        0.07
SiO+           2.22E-019   2.20E-019        0.00        0.00
HCSi+          2.91E-025   2.91E-025        0.00        0.00
SiC+           1.83E-025   2.04E-025        0.00        0.05
HCS            9.45E-017   8.17E-017        1.16        0.06
DCS            4.24E-020   3.88E-020        0.00        0.04
OCN            5.76E-013   7.32E-013        1.27        0.10
C2H5           7.23E-022   8.56E-022        0.00        0.07
C2H4D          2.87E-024   5.25E-024        0.00        0.26
C2H3D2         2.55E-026   5.03E-026        0.00        0.30
C2H2D3         1.69E-029   3.72E-029        0.00        0.34
C2HD4          3.12E-033   0.00E+000        0.00       67.49
C2D5           1.69E-037   0.00E+000        0.00       63.23
CH3CO+         8.53E-016   4.93E-016        1.73        0.24
CH2DCO+        1.07E-018   6.34E-019        1.69        0.23
CHD2CO+        1.20E-021   7.11E-022        0.00        0.23
CD3CO+         1.82E-024   1.06E-024        0.00        0.24
PN             2.14E-009   2.42E-009        1.13        0.05
HCP+           4.43E-024   2.58E-024        0.00        0.23
PCH2+          6.61E-017   2.07E-017        3.19        0.50
PCH4+          2.02E-018   4.41E-019        4.58        0.66
NO2            4.31E-010   3.75E-010        1.15        0.06
HC3NH+         1.19E-017   5.95E-018        2.01        0.30
DC3NH+         7.87E-022   4.64E-022        0.00        0.23
HC3ND+         7.87E-022   4.64E-022        0.00        0.23
CH3C3NH+       2.94E-021   6.45E-023        0.00        1.66
C8H+           4.22E-030   1.34E-029        0.00        0.50
C7H2+          6.15E-026   4.22E-026        0.00        0.16
C4H3+          2.20E-018   1.46E-018        1.51        0.18
H3S2+          2.33E-018   8.09E-019        2.88        0.46
H2DS2+         3.82E-022   1.30E-022        0.00        0.47
HD2S2+         5.78E-026   2.53E-026        0.00        0.36
D3S2+          4.40E-030   1.52E-030        0.00        0.46
SiO            2.98E-009   3.00E-009        1.00        0.00
SiH3+          1.60E-019   5.30E-020        0.00        0.48
SiH            1.74E-017   1.95E-017        1.12        0.05
SiN+           2.31E-018   2.98E-018        1.29        0.11
OCS            5.54E-011   7.62E-011        1.38        0.14
H2CS+          1.70E-017   8.91E-018        1.91        0.28
HDCS+          1.20E-020   6.57E-021        0.00        0.26
D2CS+          9.98E-024   5.39E-024        0.00        0.27
CH3CCH         7.35E-014   5.02E-014        1.46        0.17
CH2DCCH        2.35E-016   1.67E-016        1.41        0.15
CH3CCD         7.82E-017   5.68E-017        1.38        0.14
CHD2CCH        4.61E-019   3.01E-019        0.00        0.19
CH2DCCD        4.61E-019   3.22E-019        0.00        0.16
CD3CCH         1.64E-022   1.72E-022        0.00        0.02
CHD2CCD        4.91E-022   5.14E-022        0.00        0.02
CD3CCD         1.65E-025   0.00E+000        0.00       75.22
C2H5OH         2.53E-017   3.25E-017        1.28        0.11
C2H4DOH        1.02E-019   1.68E-019        0.00        0.22
C2H5OD         2.04E-020   3.46E-020        0.00        0.23
C2H3D2OH       1.11E-021   1.42E-021        0.00        0.11
C2H4DOD        5.55E-022   7.09E-022        0.00        0.11
C2H2D3OH       7.43E-025   8.51E-025        0.00        0.06
C2H3D2OD       7.43E-025   8.51E-025        0.00        0.06
C2HD4OH        1.38E-028   0.00E+000        0.00       72.14
C2H2D3OD       2.77E-028   0.00E+000        0.00       72.44
C2D5OH         7.57E-033   0.00E+000        0.00       67.88
C2HD4OD        3.79E-032   0.00E+000        0.00       68.58
C2H5OH+        3.88E-022   2.72E-022        0.00        0.15
C2H4DOH+       1.53E-024   1.66E-024        0.00        0.04
C2H5OD+        3.07E-025   0.00E+000        0.00       75.49
C2H3D2OH+      9.25E-027   2.32E-026        0.00        0.40
C2H4DOD+       4.62E-027   2.02E-027        0.00        0.36
C2H2D3OH+      5.97E-030   1.79E-029        0.00        0.48
C2H3D2OD+      5.97E-030   1.79E-029        0.00        0.48
C2HD4OH+       1.07E-033   0.00E+000        0.00       67.03
C2H2D3OD+      2.15E-033   0.00E+000        0.00       67.33
C2D5OH+        5.65E-038   0.00E+000        0.00       62.75
C2HD4OD+       2.81E-037   0.00E+000        0.00       63.45
HPN+           8.56E-013   4.17E-013        2.05        0.31
CP+            9.36E-027   4.01E-027        0.00        0.37
HCP            2.20E-013   1.42E-013        1.55        0.19
C3N            1.94E-017   2.07E-017        1.07        0.03
HC3N+          4.17E-022   4.56E-022        0.00        0.04
DC3N+          2.91E-025   2.44E-025        0.00        0.08
H3C5N+         3.71E-024   7.16E-025        0.00        0.71
CH3C3N         3.50E-018   1.66E-019       21.10        1.32
CH3C3N+        8.15E-026   0.00E+000        0.00       74.91
C7H            2.75E-022   5.43E-022        0.00        0.30
HC7N+          1.28E-028   1.86E-029        0.00        0.84
C4H2D+         9.24E-022   5.87E-022        0.00        0.20
H2CCCC         1.25E-014   1.92E-014        1.53        0.19
HDCCCC         9.61E-017   1.16E-016        1.21        0.08
HC4S+          1.43E-020   1.21E-020        0.00        0.07
H2S2           1.44E-015   1.16E-015        1.25        0.10
HDS2           1.58E-019   1.26E-019        0.00        0.10
D2S2           4.75E-023   5.25E-023        0.00        0.04
HS2+           4.06E-019   2.16E-019        0.00        0.27
DS2+           3.05E-023   1.48E-023        0.00        0.31
H2SiO+         1.31E-019   2.87E-020        0.00        0.66
SiH2           9.76E-020   4.89E-020        0.00        0.30
SiN            2.71E-015   3.20E-015        1.18        0.07
SiNC+          1.19E-017   1.52E-017        1.28        0.11
HOCS+          7.87E-015   4.76E-015        1.65        0.22
DOCS+          1.57E-019   0.00E+000        0.00       81.20
C4H3           1.88E-014   1.48E-014        1.27        0.10
C4H2D          4.04E-017   2.48E-017        1.63        0.21
C3H5+          5.50E-017   1.69E-017        3.25        0.51
C3H4D+         1.02E-019   3.41E-020        0.00        0.48
C3H3D2+        1.15E-022   4.29E-023        0.00        0.43
C3H2D3+        1.22E-025   5.28E-026        0.00        0.36
C3HD4+         6.15E-029   0.00E+000        0.00       71.79
C3D5+          1.24E-032   0.00E+000        0.00       68.09
C4H5+          3.25E-021   0.00E+000        0.00       79.51
C4H4D+         9.94E-024   0.00E+000        0.00       77.00
CCP            6.20E-018   3.48E-018        1.78        0.25
HC2P           7.96E-019   3.92E-019        0.00        0.31
C3N+           1.03E-024   1.18E-024        0.00        0.06
C5N            8.66E-021   1.43E-020        0.00        0.22
HC5N           6.20E-019   1.74E-018        0.00        0.45
C5H5+          5.55E-021   3.96E-021        0.00        0.15
H2C4N+         8.15E-026   0.00E+000        0.00       74.91
C8             4.41E-025   1.43E-024        0.00        0.51
C8H2+          6.73E-026   1.45E-025        0.00        0.33
C8H            4.65E-024   1.08E-023        0.00        0.36
H2C7N+         7.85E-026   1.07E-025        0.00        0.14
C7N+           4.03E-031   4.81E-009        0.00       22.08
C5H3+          2.85E-020   2.67E-020        0.00        0.03
C2S            2.33E-013   2.71E-013        1.17        0.07
C3S            2.43E-015   5.00E-015        2.06        0.31
C4S            1.18E-017   2.30E-017        1.95        0.29
S2             8.90E-016   5.65E-016        1.57        0.20
H2SiO          4.48E-018   2.21E-018        2.03        0.31
HCSi           1.08E-019   1.05E-019        0.00        0.01
SiH4+          3.83E-031   2.15E-031        0.00        0.25
SiC            4.41E-018   4.15E-018        1.06        0.03
SO             6.11E-009   6.10E-009        1.00        0.00
C5H2           1.22E-016   2.41E-016        1.98        0.30
C4H4+          3.79E-018   1.31E-018        2.88        0.46
C4H3D+         4.39E-022   1.50E-022        0.00        0.47
C3H3           1.41E-014   6.59E-015        2.14        0.33
C3H2D          1.78E-017   9.80E-018        1.81        0.26
C3HD2          1.65E-018   1.20E-018        1.37        0.14
C3D3           5.82E-022   7.54E-022        0.00        0.11
HC2P+          4.20E-020   2.69E-020        0.00        0.19
PC4H+          4.97E-022   0.00E+000        0.00       78.70
PC3H+          8.30E-021   3.53E-021        0.00        0.37
PC2H2+         3.78E-019   1.23E-019        0.00        0.49
C4N            1.82E-018   4.06E-018        2.24        0.35
H2C5N+         1.78E-021   1.97E-021        0.00        0.04
CH3C4H         1.48E-017   2.40E-017        1.62        0.21
HC4N+          8.03E-026   0.00E+000        0.00       74.90
CH2CHCN        2.21E-017   0.00E+000    ********       83.34
C9H+           1.17E-027   1.99E-027        0.00        0.23
C9+            5.29E-031   1.30E-030        0.00        0.39
C9H4+          8.74E-029   6.18E-029        0.00        0.15
C9             1.19E-023   4.49E-023        0.00        0.58
C7N            2.00E-024   4.24E-024        0.00        0.33
HC7N           2.65E-022   9.74E-022        0.00        0.57
C7H3+          2.20E-024   8.81E-025        0.00        0.40
HC2S+          1.64E-016   8.02E-017        2.04        0.31
DC2S+          3.72E-020   2.04E-020        0.00        0.26
HC3S+          1.93E-018   1.74E-018        1.11        0.05
DC3S+          1.43E-022   1.36E-022        0.00        0.02
C3S+           8.94E-021   1.04E-020        0.00        0.06
C4S+           9.72E-023   1.02E-022        0.00        0.02
H3SiO+         7.24E-021   1.55E-021        0.00        0.67
SiH3           2.52E-023   9.62E-024        0.00        0.42
SiH5+          2.89E-023   7.29E-024        0.00        0.60
SiH4           6.24E-020   3.53E-020        0.00        0.25
HSO+           2.28E-012   1.01E-012        2.25        0.35
DSO+           2.76E-016   0.00E+000    ********       84.44
CH3C4H+        2.13E-021   1.97E-021        0.00        0.03
C6H3+          3.17E-022   4.21E-022        0.00        0.12
C2H4           9.79E-013   1.21E-012        1.24        0.09
C2H3D          2.21E-015   3.13E-015        1.42        0.15
C2H2D2         6.41E-018   7.49E-018        1.17        0.07
C2HD3          6.54E-021   8.93E-021        0.00        0.13
C2D4           1.69E-024   2.33E-024        0.00        0.14
CH3CCH+        7.56E-019   1.81E-019        0.00        0.62
CH2DCCH+       4.22E-022   1.90E-022        0.00        0.35
CH3CCD+        1.41E-022   6.52E-023        0.00        0.33
CHD2CCH+       1.14E-024   5.78E-025        0.00        0.30
CH2DCCD+       1.14E-024   5.78E-025        0.00        0.30
CD3CCH+        2.94E-028   5.72E-028        0.00        0.29
CHD2CCD+       8.82E-028   6.97E-028        0.00        0.10
CD3CCD+        2.62E-031   0.00E+000        0.00       69.42
C4P            3.02E-021   0.00E+000        0.00       79.48
C3P            1.81E-020   1.09E-020        0.00        0.22
HC5N+          1.55E-027   4.85E-028        0.00        0.50
C6H2           3.96E-018   1.13E-017        2.85        0.45
H4C3N+         8.80E-021   0.00E+000        0.00       79.94
H3DC3N+        5.77E-024   0.00E+000        0.00       76.76
CHDCHCN        9.30E-020   0.00E+000        0.00       80.97
CH2CDCN        4.65E-020   0.00E+000        0.00       80.67
C10+           9.33E-030   1.56E-029        0.00        0.22
H3C7N+         8.81E-028   4.97E-028        0.00        0.25
SiCH2          1.77E-017   1.84E-017        1.04        0.02
SiCH4+         4.71E-021   2.20E-021        0.00        0.33
C5N+           6.54E-028   0.00E+000        0.00       72.82
H3C3N+         1.83E-022   0.00E+000        0.00       78.26
H2DC3N+        2.04E-025   0.00E+000        0.00       75.31
C9H2+          1.97E-029   4.65E-030        0.00        0.63
SiCH3+         6.49E-021   2.89E-021        0.00        0.35
SiC2H+         9.28E-019   7.02E-019        0.00        0.12
SiC2H3+        2.02E-019   1.05E-019        0.00        0.29
SiCH3          5.00E-018   5.35E-018        1.07        0.03
SiC2H2+        1.97E-019   1.00E-019        0.00        0.29
SiC3+          1.23E-021   9.65E-022        0.00        0.11
SiC2           1.11E-017   1.04E-017        1.07        0.03
SiC2+          1.86E-025   1.49E-025        0.00        0.10
SiC3H2+        1.99E-021   5.52E-022        0.00        0.56
SiC2H          2.46E-016   2.90E-016        1.18        0.07
SiC2H2         1.80E-016   2.14E-016        1.19        0.08
SiC3H+         5.36E-020   7.92E-020        0.00        0.17
SiC4H+         3.98E-025   4.16E-025        0.00        0.02
SiC3           1.70E-019   3.68E-019        0.00        0.34
SiC3H          1.56E-018   9.85E-019        1.58        0.20
SiC4+          2.12E-023   5.55E-024        0.00        0.58
SiC4           1.21E-024   0.00E+000        0.00       76.08
CH2CN+         1.45E-017   1.50E-017        1.03        0.01
CHDCN+         4.71E-021   7.13E-021        0.00        0.18
CD2CN+         2.68E-025   3.29E-025        0.00        0.09
CN-            2.52E-017   5.10E-017        2.02        0.31
SiF+           1.23E-014   7.33E-015        1.68        0.22
CH3COCH4+      4.23E-023   2.88E-023        0.00        0.17
CH2DCOCH4+     5.17E-026   0.00E+000        0.00       74.71
CH3COCH3D+     6.90E-026   0.00E+000        0.00       74.84
PH3+           1.71E-016   4.45E-017        3.84        0.58
CH2CO+         7.37E-017   4.21E-017        1.75        0.24
CHDCO+         9.34E-020   6.69E-020        0.00        0.14
HPO            7.77E-016   3.74E-016        2.08        0.32
H2PO+          1.24E-016   4.66E-017        2.67        0.43
C4N+           1.09E-022   1.23E-022        0.00        0.05
S2+            3.51E-017   2.00E-017        1.75        0.24
PN+            1.03E-015   9.41E-016        1.09        0.04
CCP+           2.71E-019   1.14E-019        0.00        0.38
SiNH2+         1.26E-015   9.86E-016        1.28        0.11
C2S+           9.26E-024   9.48E-024        0.00        0.01
CH3COCH3       1.70E-020   2.63E-020        0.00        0.19
CH2DCOCH3      4.91E-022   0.00E+000        0.00       78.69
CH3COCH2D      4.91E-022   0.00E+000        0.00       78.69
PH2            1.80E-016   7.04E-017        2.55        0.41
CD2CO+         2.83E-023   0.00E+000        0.00       77.45
C6H4+          4.16E-023   4.17E-028        0.00        5.00
HNSi           1.34E-012   2.42E-012        1.80        0.26
HNSi+          9.19E-024   1.57E-023        0.00        0.23
CH3COCH3+      2.49E-016   2.07E-016        1.20        0.08
CH2DCOCH3+     5.00E-019   0.00E+000        0.00       81.70
CH3COCH2D+     5.00E-019   0.00E+000        0.00       81.70
CH2PH          6.18E-018   2.04E-018        3.03        0.48
CH2NH2+        3.76E-016   3.80E-016        1.01        0.00
CHDNH2+        1.16E-019   1.52E-019        0.00        0.12
CH2NHD+        1.16E-019   1.33E-019        0.00        0.06
CH3CHO+        3.34E-019   2.64E-019        0.00        0.10
CH2DCHO+       6.97E-022   8.02E-022        0.00        0.06
CH3CDO+        2.33E-022   3.35E-018        0.00        4.16
NCCN           5.27E-015   1.30E-014        2.47        0.39
C2O+           3.51E-020   1.32E-020        0.00        0.42
H2NO+          7.52E-016   4.72E-016        1.59        0.20
HDNO+          1.07E-019   6.96E-020        0.00        0.19
D2NO+          2.47E-023   1.58E-023        0.00        0.19
SiH2+          1.41E-017   1.06E-017        1.32        0.12
OCS+           2.81E-016   2.26E-016        1.24        0.09
H2CCC          2.58E-016   4.15E-016        1.61        0.21
CD2NH2+        1.48E-024   3.80E-024        0.00        0.41
CHDNHD+        5.92E-024   1.07E-023        0.00        0.26
CH2ND2+        1.48E-024   0.00E+000        0.00       76.17
CD2NHD+        4.27E-028   7.86E-028        0.00        0.27
CHDND2+        4.27E-028   7.86E-028        0.00        0.27
CD2ND2+        4.22E-032   0.00E+000        0.00       68.63
CH2NH          9.69E-013   2.31E-012        2.38        0.38
CHDNH          3.50E-016   9.72E-016        2.78        0.44
CH2ND          1.75E-016   4.86E-016        2.78        0.44
CD2NH          5.16E-020   1.99E-019        0.00        0.59
CHDND          1.03E-019   3.97E-019        0.00        0.59
CD2ND          9.35E-024   6.24E-023        0.00        0.82
CHD2CHO+       1.41E-024   1.64E-024        0.00        0.07
CH2DCDO+       1.41E-024   1.01E-017        0.00        6.85
CD3CHO+        6.45E-029   7.33E-022        0.00        7.06
CHD2CDO+       1.94E-028   5.62E-021        0.00        7.46
CD3CDO+        2.83E-032   0.00E+000        0.00       68.45
NCCNH+         6.45E-019   7.05E-019        0.00        0.04
NCCND+         5.93E-024   0.00E+000        0.00       76.77
C2H5OH2+       4.77E-020   2.56E-020        0.00        0.27
C2H4DOH2+      5.93E-023   4.05E-023        0.00        0.17
C2H5OHD+       2.38E-023   1.76E-023        0.00        0.13
C2H3D2OH2+     8.24E-026   6.07E-026        0.00        0.13
C2H4DOHD+      8.24E-026   6.07E-026        0.00        0.13
C2H5OD2+       8.24E-027   6.07E-027        0.00        0.13
C2H2D3OH2+     5.52E-029   4.01E-029        0.00        0.14
C2H3D2OHD+     1.10E-028   8.01E-029        0.00        0.14
C2H4DOD2+      2.76E-029   0.00E+000        0.00       71.44
C2HD4OH2+      1.03E-032   0.00E+000        0.00       68.01
C2H2D3OHD+     4.12E-032   0.00E+000        0.00       68.61
C2H3D2OD2+     2.06E-032   0.00E+000        0.00       68.31
C2D5OH2+       5.62E-037   0.00E+000        0.00       63.75
C2HD4OHD+      5.62E-036   0.00E+000        0.00       64.75
C2H2D3OD2+     5.62E-036   0.00E+000        0.00       64.75
HDCCC          8.64E-020   1.63E-019        0.00        0.27
D2CCC          1.56E-015   1.33E-015        1.17        0.07
NH2CN          5.32E-013   1.37E-012        2.57        0.41
NHDCN          8.05E-016   2.02E-015        2.51        0.40
ND2CN          7.50E-020   2.78E-019        0.00        0.57
HNS+           6.05E-018   2.86E-018        2.12        0.33
DNS+           7.20E-022   0.00E+000        0.00       78.86
C9H2           1.93E-024   1.57E-024        0.00        0.09
NH2CNH+        1.44E-016   1.60E-016        1.11        0.05
NHDCNH+        4.01E-021   6.58E-021        0.00        0.21
NH2CND+        2.01E-021   3.95E-021        0.00        0.29
ND2CNH+        5.02E-025   8.84E-025        0.00        0.25
NHDCND+        1.00E-024   1.77E-024        0.00        0.25
ND2CND+        3.32E-028   0.00E+000        0.00       72.52
HN2O+          6.35E-015   4.17E-015        1.52        0.18
DN2O+          1.65E-019   0.00E+000        0.00       81.22
N2O+           3.90E-015   3.74E-015        1.04        0.02
C7H5+          9.67E-025   6.58E-025        0.00        0.17
C9H3+          4.18E-028   9.14E-029        0.00        0.66
C7H2           1.24E-020   1.51E-020        0.00        0.09
CH3C6H         2.42E-021   3.77E-021        0.00        0.19
C6H6           9.11E-020   0.00E+000        0.00       80.96
C9H            4.04E-026   6.02E-026        0.00        0.17
C8H2           3.99E-022   9.95E-022        0.00        0.40
H3C9N+         4.55E-032   0.00E+000        0.00       68.66
C6H6+          3.69E-023   0.00E+000        0.00       77.57
C6H7+          2.07E-023   0.00E+000        0.00       77.32
C10            8.03E-032   1.19E-031        0.00        0.17
C8H3+          3.51E-026   3.28E-026        0.00        0.03
C9N            2.22E-028   3.88E-028        0.00        0.24
HC9N           2.26E-026   7.65E-026        0.00        0.53
CH3C7NH+       6.48E-031   0.00E+000        0.00       69.81
C6H5+          6.06E-027   4.72E-012        0.00       14.89
H2C9N+         7.19E-030   8.56E-030        0.00        0.08
HC9N+          1.33E-032   1.53E-033        0.00        0.94
HNO+           1.33E-013   1.12E-013        1.18        0.07
DNO+           1.36E-017   1.18E-017        1.16        0.06
S-             1.09E-017   1.70E-017        1.55        0.19
C3O            6.52E-013   3.88E-013        1.68        0.23
SO2            8.26E-009   8.17E-009        1.01        0.00
PCH3+          3.46E-017   7.60E-018        4.55        0.66
HSO2+          1.15E-013   7.43E-014        1.55        0.19
DSO2+          1.11E-017   0.00E+000    ********       83.05
CH3C6H+        4.21E-025   3.60E-028        0.00        3.07
HC3O+          4.66E-016   1.20E-016        3.88        0.59
DC3O+          1.84E-021   7.13E-022        0.00        0.41
H3C3O+         1.63E-017   6.18E-018        2.64        0.42
H2DC3O+        2.54E-020   0.00E+000        0.00       80.40
SO2+           7.83E-018   7.73E-018        1.01        0.01
CH3CH3         1.18E-020   2.20E-020        0.00        0.27
CH2DCH3        2.16E-022   3.21E-024        0.00        1.83
CH3CH2D        2.16E-022   3.21E-024        0.00        1.83
C8H5+          0.00E+000   0.00E+000        0.00        -Inf
CHD2CH3        3.65E-029   0.00E+000        0.00       71.56
CH2DCH2D       1.10E-028   0.00E+000        0.00       72.04
CH3CHD2        3.65E-029   0.00E+000        0.00       71.56
CD3CH3         3.02E-033   0.00E+000        0.00       67.48
CHD2CH2D       2.72E-032   0.00E+000        0.00       68.43
CH2DCHD2       2.72E-032   0.00E+000        0.00       68.43
CH3CD3         3.02E-033   0.00E+000        0.00       67.48
CD3CH2D        8.53E-036   0.00E+000        0.00       64.93
CHD2CHD2       2.55E-035   0.00E+000        0.00       65.41
CH2DCD3        8.53E-036   0.00E+000        0.00       64.93
CD3CHD2        2.19E-040   0.00E+000        0.00       60.34
CHD2CD3        2.19E-040   0.00E+000        0.00       60.34
CH3CH3+        1.82E-025   0.00E+000        0.00       75.26
CH2DCH3+       6.99E-028   0.00E+000        0.00       72.84
CH3CH2D+       6.99E-028   0.00E+000        0.00       72.84
CHD2CH3+       2.38E-032   0.00E+000        0.00       68.38
CH2DCH2D+      7.13E-032   0.00E+000        0.00       68.85
CH3CHD2+       2.38E-032   0.00E+000        0.00       68.38
CD3CH3+        3.98E-036   0.00E+000        0.00       64.60
CHD2CH2D+      3.58E-035   0.00E+000        0.00       65.55
CH2DCHD2+      3.58E-035   0.00E+000        0.00       65.55
CH3CD3+        3.98E-036   0.00E+000        0.00       64.60
CD3CH2D+       5.74E-039   0.00E+000        0.00       61.76
CHD2CHD2+      1.72E-038   0.00E+000        0.00       62.24
CH2DCD3+       5.74E-039   0.00E+000        0.00       61.76
CD3CHD2+       4.58E-042   0.00E+000        0.00       58.66
CHD2CD3+       4.58E-042   0.00E+000        0.00       58.66
C2H7+          2.45E-025   1.93E-025        0.00        0.10
C2H6D+         8.97E-027   8.61E-029        0.00        2.02
C2H5D2+        4.98E-033   0.00E+000        0.00       67.70
C2H4D3+        5.93E-036   1.05E-036        0.00        0.75
C2H3D4+        6.72E-039   0.00E+000        0.00       61.83
C2H2D5+        8.93E-044   0.00E+000        0.00       56.95
PC2H3+         4.33E-021   5.72E-022        0.00        0.88
SiNCH+         3.37E-022   2.43E-022        0.00        0.14
CH3C5NH+       1.52E-027   0.00E+000        0.00       73.18
C9N+           4.16E-035   1.19E-009        0.00       25.46
C3O+           1.77E-023   1.05E-023        0.00        0.23
CH3C5N         2.80E-024   0.00E+000        0.00       76.45
CH3C7N         1.19E-027   0.00E+000        0.00       73.07
C8H4+          5.95E-027   0.00E+000        0.00       73.77
SiNC           4.05E-021   4.44E-021        0.00        0.04
SiS+           1.47E-018   1.47E-018        1.00        0.00
SiS            1.33E-017   1.46E-017        1.10        0.04
HSiS+          2.97E-020   1.48E-020        0.00        0.30
CH3OH+         2.21E-020   1.95E-020        0.00        0.06
CH2DOH+        5.11E-023   5.09E-023        0.00        0.00
CH3OD+         1.70E-023   1.69E-023        0.00        0.00
CHD2OH+        7.23E-026   8.74E-026        0.00        0.08
CH2DOD+        7.23E-026   8.74E-026        0.00        0.08
CD3OH+         3.70E-029   4.25E-029        0.00        0.06
CHD2OD+        1.11E-028   1.27E-028        0.00        0.06
CD3OD+         9.10E-033   1.17E-032        0.00        0.11
O2H+           1.52E-015   1.50E-015        1.01        0.00
O2D+           1.82E-019   1.80E-019        0.00        0.00
C4P+           2.05E-027   0.00E+000        0.00       73.31
SiO2           1.21E-011   0.00E+000    ********       89.08
HSiO2+         4.38E-015   0.00E+000    ********       85.64
NO2+           2.59E-019   0.00E+000        0.00       81.41
N2H+           0.00E+000   0.00E+000        0.00        -Inf
N2D+           0.00E+000   0.00E+000        0.00        -Inf
